[38;2;220;207;190m:[38;2;220;207;190m:[38;2;221;208;191m:[38;2;222;209;192m:[38;2;223;210;193m:[38;2;224;211;194m:[38;2;225;210;194m:[38;2;225;211;194m:[38;2;226;211;194m:[38;2;227;211;195m:[38;2;227;212;196m:[38;2;227;214;197m:[38;2;227;213;197m:[38;2;227;213;196m:[38;2;227;212;196m:[38;2;226;212;195m:[38;2;226;213;194m:[38;2;227;213;193m:[38;2;228;212;193m:[38;2;228;211;193m:[38;2;228;211;193m:[38;2;228;212;192m:[38;2;229;212;191m:[38;2;229;212;192m:[38;2;229;212;193m:[38;2;229;213;193m:[38;2;228;212;191m:[38;2;228;213;193m:[38;2;227;212;193m:[38;2;227;212;193m:[38;2;227;211;194m:[38;2;226;211;193m:[38;2;226;211;192m:[38;2;227;212;189m:[38;2;227;211;186m:[38;2;228;212;187m:[38;2;228;212;187m:[38;2;228;212;187m:[38;2;226;212;188m:[38;2;225;212;190m:[38;2;226;212;188m:[38;2;226;212;188m:[38;2;226;212;188m:[38;2;225;211;189m:[38;2;224;211;190m:[38;2;226;211;191m:[38;2;224;211;190m:[38;2;223;210;190m:[38;2;223;210;191m:[38;2;222;209;191m:[38;2;221;208;190m:[38;2;221;208;190m:[38;2;221;206;190m:[38;2;222;206;190m:[38;2;221;205;189m:[38;2;221;204;189m:[38;2;218;202;187m:[38;2;218;201;187m:[38;2;218;202;188m:[38;2;218;201;189m:[38;2;218;200;188m:[38;2;216;200;186m:[38;2;216;200;186m:[38;2;216;200;185m:[38;2;214;199;183m:[38;2;212;199;184m:[38;2;212;198;184m:[38;2;211;198;183m:[38;2;211;198;183m:[38;2;211;198;182m:[38;2;210;198;182m:[38;2;211;198;182m:[38;2;211;198;182m:[38;2;211;198;182m:[38;2;211;198;182m:[38;2;211;198;182m:[38;2;210;198;182m:[38;2;210;198;182m:[38;2;209;197;181m:[38;2;209;197;181m:[38;2;210;198;182m:[38;2;210;198;182m:[38;2;210;198;182m:[38;2;210;198;182m:[38;2;210;198;182m:[38;2;210;198;182m:[38;2;210;198;182m:[38;2;209;197;183m:[38;2;209;197;183m:[38;2;209;197;183m:[38;2;209;197;183m:[38;2;208;196;182m-[38;2;208;196;182m-[38;2;207;195;182m-[38;2;206;194;180m-[38;2;206;194;181m-[38;2;205;193;181m-[38;2;203;192;180m-[38;2;202;191;179m-[38;2;201;190;178m-[0m
[38;2;221;207;190m:[38;2;221;208;190m:[38;2;222;209;191m:[38;2;223;210;192m:[38;2;224;210;192m:[38;2;225;210;192m:[38;2;226;210;192m:[38;2;226;211;192m:[38;2;226;211;192m:[38;2;226;211;192m:[38;2;227;212;193m:[38;2;228;212;195m:[38;2;228;212;194m:[38;2;228;212;194m:[38;2;228;211;193m:[38;2;227;210;193m:[38;2;228;210;193m:[38;2;227;210;192m:[38;2;226;210;192m:[38;2;225;210;192m:[38;2;228;209;192m:[38;2;225;210;192m:[38;2;228;210;192m:[38;2;227;210;192m:[38;2;225;210;192m:[38;2;225;210;192m:[38;2;228;209;192m:[38;2;226;211;192m:[38;2;227;211;192m:[38;2;227;211;192m:[38;2;227;211;192m:[38;2;227;211;193m:[38;2;227;212;191m:[38;2;228;211;191m:[38;2;228;211;188m:[38;2;228;211;187m:[38;2;228;211;189m:[38;2;227;211;189m:[38;2;228;212;189m:[38;2;228;213;188m:[38;2;230;214;189m:[38;2;229;213;188m:[38;2;230;214;189m:[38;2;229;213;188m:[38;2;229;213;188m:[38;2;229;213;188m:[38;2;229;213;188m:[38;2;228;212;188m:[38;2;227;212;188m:[38;2;226;210;188m:[38;2;225;209;186m:[38;2;224;209;186m:[38;2;222;208;186m:[38;2;221;207;187m:[38;2;221;206;187m:[38;2;219;205;188m:[38;2;216;203;186m:[38;2;216;201;185m:[38;2;218;200;186m:[38;2;217;199;186m:[38;2;216;199;185m:[38;2;215;199;184m:[38;2;215;199;183m:[38;2;214;198;182m:[38;2;214;198;182m:[38;2;211;197;181m:[38;2;211;197;181m:[38;2;210;197;181m:[38;2;209;196;181m-[38;2;210;196;181m:[38;2;209;196;181m-[38;2;209;196;181m-[38;2;210;196;181m:[38;2;210;197;181m:[38;2;209;196;180m-[38;2;209;196;180m-[38;2;208;195;179m-[38;2;208;195;179m-[38;2;208;195;179m-[38;2;207;195;179m-[38;2;207;195;179m-[38;2;208;196;180m-[38;2;208;196;180m-[38;2;208;196;180m-[38;2;208;196;181m-[38;2;208;196;180m-[38;2;207;195;181m-[38;2;207;195;181m-[38;2;207;195;181m-[38;2;207;195;181m-[38;2;207;195;181m-[38;2;207;195;181m-[38;2;207;195;181m-[38;2;206;194;180m-[38;2;206;194;180m-[38;2;204;192;179m-[38;2;204;192;179m-[38;2;202;190;178m-[38;2;201;189;177m-[38;2;200;188;176m-[0m
[38;2;224;209;190m:[38;2;224;209;190m:[38;2;225;210;191m:[38;2;225;210;191m:[38;2;226;211;192m:[38;2;226;211;192m:[38;2;226;211;192m:[38;2;227;210;192m:[38;2;227;211;193m:[38;2;228;211;193m:[38;2;228;212;194m:[38;2;229;212;194m:[38;2;229;212;194m:[38;2;229;212;194m:[38;2;228;211;192m:[38;2;227;210;191m:[38;2;226;208;190m:[38;2;226;208;189m:[38;2;226;208;188m:[38;2;226;209;187m:[38;2;228;210;187m:[38;2;228;210;186m:[38;2;228;210;187m:[38;2;227;210;186m:[38;2;227;210;187m:[38;2;228;211;187m:[38;2;227;210;186m:[38;2;228;210;189m:[38;2;228;211;189m:[38;2;228;210;189m:[38;2;228;210;189m:[38;2;229;211;187m:[38;2;229;211;187m:[38;2;228;211;187m:[38;2;228;211;187m:[38;2;229;211;187m:[38;2;229;211;187m:[38;2;229;211;189m:[38;2;229;211;190m:[38;2;229;212;188m:[38;2;230;214;189m:[38;2;230;214;189m:[38;2;230;214;189m:[38;2;231;214;190m:[38;2;231;215;190m:[38;2;231;215;190m:[38;2;231;215;191m:[38;2;230;214;189m:[38;2;229;213;188m:[38;2;228;212;187m:[38;2;228;212;187m:[38;2;227;211;186m:[38;2;225;210;185m:[38;2;223;208;187m:[38;2;221;208;186m:[38;2;221;206;187m:[38;2;220;205;186m:[38;2;218;203;185m:[38;2;217;202;184m:[38;2;215;200;182m:[38;2;214;198;182m:[38;2;213;197;181m:[38;2;213;197;181m:[38;2;213;197;181m:[38;2;212;196;180m:[38;2;211;195;179m-[38;2;212;196;180m:[38;2;209;195;179m-[38;2;208;194;179m-[38;2;208;194;181m-[38;2;208;194;181m-[38;2;207;193;180m-[38;2;207;193;180m-[38;2;207;193;180m-[38;2;206;193;177m-[38;2;205;192;177m-[38;2;205;192;176m-[38;2;205;192;176m-[38;2;205;192;176m-[38;2;205;193;177m-[38;2;205;193;177m-[38;2;205;193;177m-[38;2;206;193;177m-[38;2;206;194;178m-[38;2;205;193;178m-[38;2;205;193;177m-[38;2;205;193;179m-[38;2;205;193;179m-[38;2;205;193;179m-[38;2;205;193;179m-[38;2;206;194;180m-[38;2;205;193;179m-[38;2;205;193;179m-[38;2;204;192;178m-[38;2;204;192;178m-[38;2;203;191;177m-[38;2;202;190;177m-[38;2;201;189;177m-[38;2;200;188;176m-[38;2;199;187;175m-[0m
[38;2;224;208;189m:[38;2;224;209;190m:[38;2;225;209;190m:[38;2;226;209;191m:[38;2;227;209;192m:[38;2;227;209;192m:[38;2;227;209;192m:[38;2;227;210;191m:[38;2;228;210;192m:[38;2;228;210;192m:[38;2;228;211;192m:[38;2;228;211;192m:[38;2;229;211;192m:[38;2;228;210;192m:[38;2;228;209;191m:[38;2;228;209;190m:[38;2;229;209;190m:[38;2;231;210;191m:[38;2;231;212;190m:[38;2;232;212;189m:[38;2;235;211;189m:[38;2;235;211;189m:[38;2;234;213;190m:[38;2;234;213;190m:[38;2;234;213;190m:[38;2;233;212;189m:[38;2;232;212;188m:[38;2;230;211;187m:[38;2;229;211;187m:[38;2;228;210;186m:[38;2;227;209;185m:[38;2;226;208;186m:[38;2;228;209;187m:[38;2;229;209;186m:[38;2;230;210;186m:[38;2;231;210;186m:[38;2;233;210;188m:[38;2;229;211;187m:[38;2;228;212;187m:[38;2;229;213;188m:[38;2;230;212;189m:[38;2;215;199;179m:[38;2;199;183;168m-[38;2;196;180;166m-[38;2;170;156;150m=[38;2;148;136;136m+[38;2;139;128;129m+[38;2;138;127;126m+[38;2;140;126;126m+[38;2;140;126;125m+[38;2;143;129;126m+[38;2;146;132;127m+[38;2;168;152;142m=[38;2;206;192;174m-[38;2;224;211;190m:[38;2;221;209;187m:[38;2;221;206;186m:[38;2;219;205;185m:[38;2;217;203;183m:[38;2;214;202;180m:[38;2;213;201;179m:[38;2;213;200;179m:[38;2;213;198;180m:[38;2;212;197;181m:[38;2;211;196;180m:[38;2;211;195;179m-[38;2;211;195;179m-[38;2;210;195;179m-[38;2;208;194;178m-[38;2;206;193;178m-[38;2;206;192;179m-[38;2;206;192;179m-[38;2;206;192;179m-[38;2;205;191;177m-[38;2;204;190;176m-[38;2;204;190;177m-[38;2;204;190;177m-[38;2;204;190;177m-[38;2;204;190;177m-[38;2;204;190;177m-[38;2;204;190;177m-[38;2;204;190;177m-[38;2;204;190;177m-[38;2;204;192;177m-[38;2;204;192;178m-[38;2;203;191;177m-[38;2;203;191;177m-[38;2;203;191;177m-[38;2;203;191;177m-[38;2;203;191;177m-[38;2;203;191;177m-[38;2;203;191;177m-[38;2;202;190;176m-[38;2;203;191;177m-[38;2;202;190;177m-[38;2;202;190;177m-[38;2;201;189;177m-[38;2;201;189;177m-[38;2;200;188;176m-[38;2;199;187;175m-[0m
[38;2;225;206;189m:[38;2;226;207;189m:[38;2;226;207;190m:[38;2;227;208;189m:[38;2;228;208;189m:[38;2;229;208;189m:[38;2;229;208;190m:[38;2;230;208;189m:[38;2;230;208;189m:[38;2;229;208;188m:[38;2;230;209;189m:[38;2;230;209;189m:[38;2;230;209;190m:[38;2;230;209;189m:[38;2;231;209;190m:[38;2;233;208;190m:[38;2;236;210;192m:[38;2;237;210;190m:[38;2;238;211;190m:[38;2;238;212;191m:[38;2;241;213;192m:[38;2;241;213;192m:[38;2;240;214;191m:[38;2;239;213;191m:[38;2;237;213;191m:[38;2;235;213;190m:[38;2;237;212;190m:[38;2;236;211;189m:[38;2;232;211;187m:[38;2;229;211;186m:[38;2;229;210;185m:[38;2;228;210;185m:[38;2;231;209;186m:[38;2;233;210;187m:[38;2;233;210;187m:[38;2;233;212;187m:[38;2;231;213;188m:[38;2;230;214;189m:[38;2;229;213;191m:[38;2;185;166;156m-[38;2;133;115;117m+[38;2;110;93;103m*[38;2;102;87;97m*[38;2;92;78;88m#[38;2;84;73;82m#[38;2;80;71;80m#[38;2;77;70;79m#[38;2;76;70;78m#[38;2;76;70;78m#[38;2;82;75;84m#[38;2;76;68;78m#[38;2;77;68;76m#[38;2;85;72;77m#[38;2;93;78;77m#[38;2;144;125;117m+[38;2;198;184;168m-[38;2;227;211;187m:[38;2;223;207;183m:[38;2;219;205;181m:[38;2;216;203;180m:[38;2;214;201;179m:[38;2;212;200;177m:[38;2;211;198;180m:[38;2;210;197;181m:[38;2;210;197;181m:[38;2;209;196;180m-[38;2;210;195;179m-[38;2;210;194;178m-[38;2;209;194;178m-[38;2;207;192;179m-[38;2;206;192;179m-[38;2;205;191;178m-[38;2;204;190;177m-[38;2;203;189;176m-[38;2;202;188;175m-[38;2;202;188;175m-[38;2;202;188;175m-[38;2;202;188;175m-[38;2;202;188;175m-[38;2;202;188;175m-[38;2;201;188;173m-[38;2;201;188;173m-[38;2;203;189;175m-[38;2;203;189;176m-[38;2;203;190;175m-[38;2;202;190;174m-[38;2;202;190;175m-[38;2;201;189;175m-[38;2;202;189;175m-[38;2;201;189;175m-[38;2;201;188;175m-[38;2;200;188;174m-[38;2;200;188;174m-[38;2;200;188;174m-[38;2;200;188;176m-[38;2;200;188;176m-[38;2;199;187;175m-[38;2;199;187;175m-[38;2;198;186;174m-[38;2;197;185;173m-[0m
[38;2;225;205;186m:[38;2;226;205;186m:[38;2;226;205;186m:[38;2;227;204;186m:[38;2;228;204;186m:[38;2;228;205;186m:[38;2;230;205;185m:[38;2;230;205;185m:[38;2;231;205;184m:[38;2;230;205;183m:[38;2;230;205;183m:[38;2;231;205;184m:[38;2;232;206;184m:[38;2;233;206;185m:[38;2;234;207;186m:[38;2;235;208;187m:[38;2;236;209;188m:[38;2;238;210;189m:[38;2;240;210;189m:[38;2;241;210;189m:[38;2;241;210;189m:[38;2;242;211;190m:[38;2;241;212;190m:[38;2;240;212;190m:[38;2;239;211;190m:[38;2;239;212;189m:[38;2;238;212;189m:[38;2;237;211;188m:[38;2;236;211;188m:[38;2;236;211;188m:[38;2;236;211;189m:[38;2;234;209;186m:[38;2;231;209;185m:[38;2;232;210;186m:[38;2;234;210;186m:[38;2;237;212;189m:[38;2;233;214;189m:[38;2;223;206;186m:[38;2;149;128;125m+[38;2;96;77;83m#[38;2;87;70;77m#[38;2;82;64;75m#[38;2;74;61;71m#[38;2;69;56;65m#[38;2;66;53;62m#[38;2;63;50;59m%[38;2;60;51;59m%[38;2;63;55;62m#[38;2;65;56;65m#[38;2;64;53;64m#[38;2;60;52;59m%[38;2;60;52;59m%[38;2;65;54;61m#[38;2;67;53;60m#[38;2;79;65;67m#[38;2;98;80;77m*[38;2;205;189;169m-[38;2;224;208;183m:[38;2;222;206;181m:[38;2;220;204;179m:[38;2;219;203;178m:[38;2;215;200;175m:[38;2;212;198;178m:[38;2;211;197;178m:[38;2;210;196;178m-[38;2;210;196;178m-[38;2;209;195;179m-[38;2;209;194;178m-[38;2;209;193;177m-[38;2;209;193;177m-[38;2;207;191;177m-[38;2;205;190;177m-[38;2;204;190;177m-[38;2;203;189;176m-[38;2;202;188;175m-[38;2;202;188;175m-[38;2;202;188;174m-[38;2;202;189;173m-[38;2;201;188;172m-[38;2;201;188;172m-[38;2;201;188;172m-[38;2;202;188;174m-[38;2;202;188;175m-[38;2;202;188;175m-[38;2;202;188;175m-[38;2;202;189;174m-[38;2;202;188;174m-[38;2;202;188;174m-[38;2;202;188;175m-[38;2;201;187;174m-[38;2;200;186;173m-[38;2;200;186;173m-[38;2;199;186;172m-[38;2;199;186;172m-[38;2;198;185;173m-[38;2;198;185;172m-[38;2;198;185;173m-[38;2;197;184;172m-[38;2;196;182;171m-[38;2;195;181;170m-[0m
[38;2;222;198;176m:[38;2;223;198;176m:[38;2;223;198;176m:[38;2;224;199;177m:[38;2;224;199;177m:[38;2;225;200;177m:[38;2;226;201;178m:[38;2;227;201;179m:[38;2;228;202;179m:[38;2;228;202;179m:[38;2;229;202;179m:[38;2;229;203;180m:[38;2;232;204;181m:[38;2;233;204;182m:[38;2;234;205;183m:[38;2;237;206;185m:[38;2;238;208;186m:[38;2;239;209;187m:[38;2;239;210;187m:[38;2;238;211;187m:[38;2;239;211;187m:[38;2;240;212;188m:[38;2;241;213;189m:[38;2;241;213;188m:[38;2;241;212;188m:[38;2;240;211;188m:[38;2;237;211;186m:[38;2;237;210;186m:[38;2;237;210;187m:[38;2;236;210;187m:[38;2;235;209;186m:[38;2;236;210;187m:[38;2;235;209;186m:[38;2;234;208;185m:[38;2;235;209;186m:[38;2;237;211;188m:[38;2;235;213;190m:[38;2;150;123;112m+[38;2;98;74;79m#[38;2;82;60;68m#[38;2;80;59;65m#[38;2;81;61;69m#[38;2;91;68;76m#[38;2;103;78;85m*[38;2;115;93;101m*[38;2;104;88;98m*[38;2;120;102;113m*[38;2;142;116;125m+[38;2;145;117;126m+[38;2;145;121;129m+[38;2;138;116;125m+[38;2;127;110;119m+[38;2;113;99;107m*[38;2;78;66;74m#[38;2;68;56;63m#[38;2;105;86;82m*[38;2;214;195;173m-[38;2;225;209;184m:[38;2;223;206;182m:[38;2;221;204;179m:[38;2;220;202;178m:[38;2;219;201;177m:[38;2;217;200;176m:[38;2;214;198;173m:[38;2;212;198;172m:[38;2;211;196;174m-[38;2;211;195;176m-[38;2;210;193;176m-[38;2;209;193;176m-[38;2;208;192;175m-[38;2;208;192;176m-[38;2;205;191;175m-[38;2;204;190;176m-[38;2;204;190;177m-[38;2;203;189;176m-[38;2;203;189;176m-[38;2;203;189;176m-[38;2;203;189;175m-[38;2;204;190;174m-[38;2;204;190;174m-[38;2;204;190;174m-[38;2;205;190;174m-[38;2;206;190;175m-[38;2;206;189;176m-[38;2;204;189;175m-[38;2;204;189;176m-[38;2;203;189;176m-[38;2;202;188;174m-[38;2;201;188;173m-[38;2;200;186;173m-[38;2;200;186;173m-[38;2;199;185;172m-[38;2;199;185;172m-[38;2;198;184;171m-[38;2;197;183;170m-[38;2;197;183;171m-[38;2;196;182;171m-[38;2;195;181;170m-[38;2;194;180;169m-[38;2;193;179;168m-[0m
[38;2;219;195;171m:[38;2;220;195;171m:[38;2;221;195;172m:[38;2;221;196;172m:[38;2;222;196;173m:[38;2;223;197;174m:[38;2;224;197;173m:[38;2;225;198;175m:[38;2;227;199;175m:[38;2;228;200;176m:[38;2;230;201;177m:[38;2;231;202;177m:[38;2;233;203;179m:[38;2;235;205;181m:[38;2;236;206;182m:[38;2;238;208;184m:[38;2;239;209;184m:[38;2;241;210;187m:[38;2;242;212;188m:[38;2;242;214;188m:[38;2;243;215;189m:[38;2;244;217;190m:[38;2;245;217;191m:[38;2;245;217;191m:[38;2;246;216;191m:[38;2;245;214;189m:[38;2;241;214;188m:[38;2;239;213;187m:[38;2;237;211;185m:[38;2;237;210;185m:[38;2;236;208;184m:[38;2;235;207;184m:[38;2;233;207;184m:[38;2;233;207;184m:[38;2;234;208;185m:[38;2;236;210;187m:[38;2;230;209;188m:[38;2;115;81;74m*[38;2;93;64;68m#[38;2;100;73;75m#[38;2;131;104;107m*[38;2;152;121;130m+[38;2;159;126;138m+[38;2;164;134;148m=[38;2;163;139;154m=[38;2;166;142;156m=[38;2;165;141;155m=[38;2;164;139;154m=[38;2;166;140;155m=[38;2;170;146;160m=[38;2;174;152;166m=[38;2;175;157;168m=[38;2;178;165;171m=[38;2;154;141;147m=[38;2;97;86;92m*[38;2;113;101;100m*[38;2;225;207;185m:[38;2;227;211;185m:[38;2;223;207;182m:[38;2;221;204;180m:[38;2;223;201;178m:[38;2;219;202;177m:[38;2;218;201;177m:[38;2;217;200;175m:[38;2;215;199;174m:[38;2;213;197;172m:[38;2;212;197;173m-[38;2;212;196;176m:[38;2;211;194;176m-[38;2;210;193;175m-[38;2;209;193;177m-[38;2;208;192;176m-[38;2;207;192;176m-[38;2;206;191;176m-[38;2;204;190;175m-[38;2;206;191;176m-[38;2;206;190;175m-[38;2;206;190;175m-[38;2;206;190;174m-[38;2;207;191;175m-[38;2;207;191;175m-[38;2;208;191;175m-[38;2;208;191;175m-[38;2;208;191;175m-[38;2;207;190;174m-[38;2;206;189;174m-[38;2;205;189;175m-[38;2;204;187;175m-[38;2;203;187;174m-[38;2;202;186;174m-[38;2;201;186;173m-[38;2;200;185;172m-[38;2;200;184;171m-[38;2;199;184;171m-[38;2;196;182;169m-[38;2;196;182;169m-[38;2;195;181;169m-[38;2;193;179;168m-[38;2;192;178;167m-[38;2;192;178;167m-[0m
[38;2;218;193;168m-[38;2;219;193;168m-[38;2;220;194;169m:[38;2;221;195;170m:[38;2;221;194;170m:[38;2;223;195;171m:[38;2;223;195;171m:[38;2;226;197;173m:[38;2;228;197;172m:[38;2;229;198;173m:[38;2;231;199;174m:[38;2;233;201;175m:[38;2;234;202;177m:[38;2;236;204;179m:[38;2;237;205;180m:[38;2;238;206;181m:[38;2;240;210;183m:[38;2;242;212;184m:[38;2;245;215;188m:[38;2;247;218;190m:[38;2;248;221;191m:[38;2;249;222;192m.[38;2;251;223;194m.[38;2;251;224;194m.[38;2;251;224;194m.[38;2;250;223;193m.[38;2;248;220;188m:[38;2;245;217;188m:[38;2;242;215;189m:[38;2;240;213;186m:[38;2;236;209;182m:[38;2;236;209;182m:[38;2;234;208;183m:[38;2;235;207;183m:[38;2;236;208;184m:[38;2;237;210;187m:[38;2;241;215;196m:[38;2;140;108;101m+[38;2;110;80;79m*[38;2;144;112;110m+[38;2;155;126;127m+[38;2;163;132;141m=[38;2;162;134;148m=[38;2;162;136;152m=[38;2;166;140;159m=[38;2;170;145;165m=[38;2;167;142;159m=[38;2;162;137;152m=[38;2;146;122;138m+[38;2;123;105;120m*[38;2;120;103;119m*[38;2;132;117;132m+[38;2;153;138;146m=[38;2;170;157;159m=[38;2;140;125;129m+[38;2;111;96;98m*[38;2;215;201;183m:[38;2;231;211;186m:[38;2;225;208;182m:[38;2;221;204;179m:[38;2;219;203;178m:[38;2;218;202;177m:[38;2;218;202;177m:[38;2;217;201;176m:[38;2;216;200;175m:[38;2;215;199;174m:[38;2;215;198;174m:[38;2;214;198;173m:[38;2;213;196;173m:[38;2;213;195;177m:[38;2;213;195;177m-[38;2;212;195;178m-[38;2;211;194;177m-[38;2;210;193;176m-[38;2;209;192;176m-[38;2;209;192;176m-[38;2;209;192;175m-[38;2;209;191;174m-[38;2;209;191;173m-[38;2;208;191;173m-[38;2;208;191;173m-[38;2;208;191;173m-[38;2;208;191;173m-[38;2;208;190;173m-[38;2;207;189;172m-[38;2;207;190;174m-[38;2;205;189;173m-[38;2;204;187;172m-[38;2;204;186;174m-[38;2;202;185;173m-[38;2;201;184;172m-[38;2;201;184;171m-[38;2;200;183;170m-[38;2;198;182;169m-[38;2;195;181;168m-[38;2;195;181;168m-[38;2;193;179;167m-[38;2;191;177;166m-[38;2;190;176;165m-[38;2;190;176;165m-[0m
[38;2;217;191;166m-[38;2;218;192;167m-[38;2;218;192;167m-[38;2;219;192;168m-[38;2;220;192;168m-[38;2;221;193;169m:[38;2;222;194;170m:[38;2;224;195;171m:[38;2;226;195;170m:[38;2;228;196;171m:[38;2;229;198;172m:[38;2;231;200;172m:[38;2;233;202;175m:[38;2;236;203;177m:[38;2;237;204;179m:[38;2;238;206;181m:[38;2;242;208;183m:[38;2;247;213;185m:[38;2;248;216;187m:[38;2;250;221;191m:[38;2;249;224;193m.[38;2;252;227;195m.[38;2;254;229;198m.[38;2;254;231;198m.[38;2;253;230;197m.[38;2;252;229;197m.[38;2;251;225;194m.[38;2;247;221;190m:[38;2;247;218;188m:[38;2;245;214;186m:[38;2;239;211;183m:[38;2;236;209;180m:[38;2;234;207;182m:[38;2;234;206;182m:[38;2;234;206;182m:[38;2;236;208;184m:[38;2;242;214;193m:[38;2;175;145;135m=[38;2;125;93;92m*[38;2;149;121;122m+[38;2;119;95;104m*[38;2;96;72;80m#[38;2;83;60;67m#[38;2;82;59;65m#[38;2;104;76;80m*[38;2;131;95;100m*[38;2;144;110;117m+[38;2;125;92;95m*[38;2;87;60;66m#[38;2;73;50;56m#[38;2;82;58;65m#[38;2;92;71;78m#[38;2;100;76;82m#[38;2;133;115;120m+[38;2;184;171;171m-[38;2;139;123;120m+[38;2;225;212;191m:[38;2;230;213;188m:[38;2;225;209;184m:[38;2;222;205;179m:[38;2;220;204;178m:[38;2;218;202;178m:[38;2;219;202;178m:[38;2;219;201;178m:[38;2;218;200;179m:[38;2;217;201;176m:[38;2;217;199;175m:[38;2;216;199;175m:[38;2;215;198;175m:[38;2;215;197;177m:[38;2;214;196;177m:[38;2;214;196;178m:[38;2;213;195;177m-[38;2;213;194;177m-[38;2;212;193;176m-[38;2;212;193;176m-[38;2;212;193;176m-[38;2;212;193;176m-[38;2;212;193;176m-[38;2;211;191;174m-[38;2;210;191;174m-[38;2;209;191;174m-[38;2;210;191;174m-[38;2;209;190;173m-[38;2;208;189;172m-[38;2;206;189;173m-[38;2;205;187;172m-[38;2;203;185;172m-[38;2;202;184;171m-[38;2;200;184;171m-[38;2;199;183;170m-[38;2;199;182;169m-[38;2;198;182;169m-[38;2;197;181;168m-[38;2;194;180;168m-[38;2;195;179;168m-[38;2;194;177;167m-[38;2;192;176;166m-[38;2;190;176;165m-[38;2;189;175;164m-[0m
[38;2;215;189;165m-[38;2;216;190;167m-[38;2;216;190;167m-[38;2;218;190;166m-[38;2;219;191;167m-[38;2;219;191;167m-[38;2;221;192;168m-[38;2;223;193;169m:[38;2;224;194;169m:[38;2;226;195;169m:[38;2;228;196;171m:[38;2;229;198;171m:[38;2;231;199;173m:[38;2;232;201;174m:[38;2;234;202;176m:[38;2;237;205;179m:[38;2;242;208;182m:[38;2;247;212;185m:[38;2;247;217;187m:[38;2;249;223;190m.[38;2;253;230;196m.[38;2;253;239;197m.[38;2;254;248;211m.[38;2;254;251;222m.[38;2;254;247;206m.[38;2;253;238;198m.[38;2;253;230;197m.[38;2;250;225;192m.[38;2;249;220;188m:[38;2;247;216;185m:[38;2;242;211;183m:[38;2;235;209;181m:[38;2;232;206;179m:[38;2;232;204;179m:[38;2;232;204;181m:[38;2;235;207;184m:[38;2;238;211;189m:[38;2;215;187;169m-[38;2;146;114;107m+[38;2;126;93;92m*[38;2;101;67;69m#[38;2;95;66;71m#[38;2;85;60;67m#[38;2;91;65;73m#[38;2;92;62;67m#[38;2;122;87;91m*[38;2;169;136;154m=[38;2;154;120;128m+[38;2;117;87;95m*[38;2;103;76;86m*[38;2;92;67;77m#[38;2;107;80;90m*[38;2;120;93;102m*[38;2;141;113;121m+[38;2;180;164;165m=[38;2;160;145;140m=[38;2;205;188;174m-[38;2;232;214;194m:[38;2;225;208;189m:[38;2;222;205;183m:[38;2;220;203;181m:[38;2;219;202;183m:[38;2;219;201;182m:[38;2;219;201;181m:[38;2;218;200;180m:[38;2;217;199;179m:[38;2;217;199;178m:[38;2;216;198;177m:[38;2;216;198;178m:[38;2;214;197;177m:[38;2;214;196;176m:[38;2;214;196;176m:[38;2;213;195;175m-[38;2;213;195;175m-[38;2;212;194;175m-[38;2;212;194;177m-[38;2;213;194;177m-[38;2;213;194;177m-[38;2;212;193;176m-[38;2;212;193;176m-[38;2;211;192;175m-[38;2;210;191;174m-[38;2;209;191;174m-[38;2;208;190;174m-[38;2;206;188;172m-[38;2;204;187;172m-[38;2;203;185;171m-[38;2;201;183;170m-[38;2;201;183;170m-[38;2;200;182;170m-[38;2;198;181;169m-[38;2;197;180;168m-[38;2;196;179;168m-[38;2;194;179;168m-[38;2;192;178;167m-[38;2;193;178;168m-[38;2;193;176;167m-[38;2;191;174;166m-[38;2;190;173;165m-[38;2;188;172;165m-[0m
[38;2;212;188;164m-[38;2;213;188;165m-[38;2;214;189;166m-[38;2;215;189;165m-[38;2;216;189;164m-[38;2;217;189;165m-[38;2;219;189;165m-[38;2;220;190;165m-[38;2;221;191;166m-[38;2;223;192;167m:[38;2;225;194;169m:[38;2;227;195;170m:[38;2;228;196;171m:[38;2;229;198;171m:[38;2;230;199;173m:[38;2;233;201;175m:[38;2;239;206;178m:[38;2;244;211;181m:[38;2;246;214;184m:[38;2;248;221;188m:[38;2;250;228;190m.[38;2;251;241;197m.[38;2;254;252;232m.[38;2;254;253;247m.[38;2;254;250;225m.[38;2;253;239;195m.[38;2;251;228;194m.[38;2;250;220;188m:[38;2;248;216;185m:[38;2;243;212;182m:[38;2;237;207;180m:[38;2;230;204;177m:[38;2;229;201;177m:[38;2;228;200;177m:[38;2;228;200;178m:[38;2;232;204;182m:[38;2;234;209;186m:[38;2;218;191;176m-[38;2;171;142;134m=[38;2;147;116;121m+[38;2;143;110;120m+[38;2;139;105;114m+[38;2;142;108;118m+[38;2;142;106;117m+[38;2;141;104;115m+[38;2;148;115;127m+[38;2;171;137;162m=[38;2;177;148;168m=[38;2;168;135;152m=[38;2;157;122;139m+[38;2;154;116;133m+[38;2;162;127;143m+[38;2;168;139;153m=[38;2;176;154;165m=[38;2;176;156;156m=[38;2;182;161;156m=[38;2;166;120;116m+[38;2;215;187;176m-[38;2;228;208;192m:[38;2;221;204;186m:[38;2;219;202;184m:[38;2;219;202;179m:[38;2;218;201;178m:[38;2;217;201;179m:[38;2;217;200;180m:[38;2;216;199;179m:[38;2;215;198;179m:[38;2;214;197;178m:[38;2;213;196;178m:[38;2;213;196;178m:[38;2;213;196;178m:[38;2;213;196;177m:[38;2;212;195;177m-[38;2;212;194;176m-[38;2;211;194;176m-[38;2;210;193;175m-[38;2;209;192;175m-[38;2;209;191;174m-[38;2;208;191;174m-[38;2;208;191;175m-[38;2;207;190;174m-[38;2;207;189;174m-[38;2;206;189;174m-[38;2;206;188;174m-[38;2;205;187;173m-[38;2;203;185;171m-[38;2;202;184;171m-[38;2;201;183;171m-[38;2;200;182;171m-[38;2;199;181;169m-[38;2;196;179;169m-[38;2;195;178;168m-[38;2;193;177;168m-[38;2;191;177;168m-[38;2;190;177;167m-[38;2;190;176;167m-[38;2;189;174;165m-[38;2;188;172;164m-[38;2;187;171;164m-[38;2;186;171;164m-[0m
[38;2;207;184;164m-[38;2;209;184;162m-[38;2;210;186;162m-[38;2;212;186;162m-[38;2;213;186;162m-[38;2;213;185;161m-[38;2;214;186;162m-[38;2;215;187;163m-[38;2;216;187;163m-[38;2;218;189;164m-[38;2;221;191;166m-[38;2;222;192;167m-[38;2;222;193;168m:[38;2;223;193;168m:[38;2;225;195;170m:[38;2;226;196;171m:[38;2;228;198;172m:[38;2;234;201;175m:[38;2;239;206;178m:[38;2;246;210;182m:[38;2;247;213;183m:[38;2;248;218;185m:[38;2;250;224;188m.[38;2;250;226;189m.[38;2;249;224;188m.[38;2;249;220;185m:[38;2;249;216;185m:[38;2;246;213;182m:[38;2;241;208;181m:[38;2;235;206;179m:[38;2;229;202;176m:[38;2;226;200;175m:[38;2;226;198;175m:[38;2;225;198;176m:[38;2;226;199;177m:[38;2;228;202;180m:[38;2;232;209;187m:[38;2;177;115;105m+[38;2;165;127;121m+[38;2;151;120;119m+[38;2;160;124;130m+[38;2;160;118;128m+[38;2;141;95;103m*[38;2;124;82;89m*[38;2;120;81;90m*[38;2;98;64;70m#[38;2;108;74;77m#[38;2;123;88;94m*[38;2;105;78;89m*[38;2;117;88;104m*[38;2;123;90;103m*[38;2;114;76;84m*[38;2;123;85;89m*[38;2;150;116;117m+[38;2;166;144;138m=[38;2;161;138;135m=[38;2;162;115;119m+[38;2;201;180;172m-[38;2;226;208;187m:[38;2;219;203;185m:[38;2;217;202;183m:[38;2;217;201;181m:[38;2;216;200;181m:[38;2;215;200;181m:[38;2;215;200;181m:[38;2;215;198;180m:[38;2;213;196;178m:[38;2;213;196;178m:[38;2;212;195;177m-[38;2;212;195;177m-[38;2;211;194;176m-[38;2;211;194;176m-[38;2;210;193;176m-[38;2;210;192;175m-[38;2;208;191;174m-[38;2;207;190;174m-[38;2;206;189;174m-[38;2;205;188;173m-[38;2;204;187;173m-[38;2;204;186;173m-[38;2;203;185;173m-[38;2;203;186;173m-[38;2;203;186;173m-[38;2;203;185;173m-[38;2;202;184;172m-[38;2;199;184;172m-[38;2;198;183;171m-[38;2;197;182;170m-[38;2;196;181;170m-[38;2;195;179;170m-[38;2;193;179;169m-[38;2;191;178;168m-[38;2;190;177;168m-[38;2;189;175;167m-[38;2;188;174;166m-[38;2;186;173;165m-[38;2;184;171;166m-[38;2;183;170;166m-[38;2;184;169;166m-[38;2;183;170;166m-[0m
[38;2;199;181;163m-[38;2;201;181;162m-[38;2;204;182;160m-[38;2;205;182;160m-[38;2;206;183;160m-[38;2;207;183;159m-[38;2;208;183;159m-[38;2;209;182;160m-[38;2;210;183;160m-[38;2;211;184;161m-[38;2;212;185;161m-[38;2;213;186;162m-[38;2;214;186;164m-[38;2;214;187;165m-[38;2;216;188;165m-[38;2;217;189;166m-[38;2;219;191;167m-[38;2;222;193;168m:[38;2;225;195;170m:[38;2;228;198;172m:[38;2;232;201;173m:[38;2;236;203;175m:[38;2;238;205;179m:[38;2;238;205;180m:[38;2;237;205;179m:[38;2;234;204;176m:[38;2;231;202;175m:[38;2;228;200;174m:[38;2;226;199;174m:[38;2;224;198;173m:[38;2;222;195;172m:[38;2;221;195;173m:[38;2;220;194;173m:[38;2;221;194;173m:[38;2;222;196;174m:[38;2;224;199;177m:[38;2;225;203;182m:[38;2;201;170;157m-[38;2;149;104;105m+[38;2;132;101;97m*[38;2;127;86;84m*[38;2;114;76;79m*[38;2;87;59;66m#[38;2;81;58;66m#[38;2;81;60;65m#[38;2;83;63;68m#[38;2;92;73;79m#[38;2;101;81;88m*[38;2;97;82;88m*[38;2;104;87;92m*[38;2;85;65;74m#[38;2;70;51;58m#[38;2;73;53;55m#[38;2;120;88;83m*[38;2;144;118;111m+[38;2;157;135;129m+[38;2;177;149;144m=[38;2;219;202;186m:[38;2;217;202;184m:[38;2;215;200;182m:[38;2;216;199;183m:[38;2;215;199;182m:[38;2;215;199;182m:[38;2;215;199;181m:[38;2;215;198;180m:[38;2;214;197;179m:[38;2;213;196;179m:[38;2;212;195;178m-[38;2;211;194;177m-[38;2;210;192;176m-[38;2;209;191;175m-[38;2;208;190;175m-[38;2;207;189;175m-[38;2;206;189;175m-[38;2;205;188;175m-[38;2;203;186;174m-[38;2;202;185;174m-[38;2;200;185;174m-[38;2;199;185;174m-[38;2;200;184;174m-[38;2;200;184;173m-[38;2;198;184;174m-[38;2;197;184;173m-[38;2;197;183;172m-[38;2;196;183;172m-[38;2;196;182;173m-[38;2;195;181;172m-[38;2;194;180;172m-[38;2;193;179;171m-[38;2;192;178;170m-[38;2;191;177;169m-[38;2;190;176;169m-[38;2;188;175;169m-[38;2;185;175;168m-[38;2;185;174;170m-[38;2;183;173;170m-[38;2;182;172;170m-[38;2;181;171;169m-[38;2;180;171;169m-[38;2;180;171;170m-[0m
[38;2;196;178;163m-[38;2;195;179;162m-[38;2;197;180;162m-[38;2;199;181;161m-[38;2;199;181;161m-[38;2;200;181;160m-[38;2;200;179;160m-[38;2;204;179;157m-[38;2;205;180;158m-[38;2;206;180;159m-[38;2;207;180;159m-[38;2;207;181;159m-[38;2;208;181;160m-[38;2;208;181;160m-[38;2;209;182;161m-[38;2;210;183;161m-[38;2;211;184;163m-[38;2;212;186;164m-[38;2;214;187;165m-[38;2;215;188;166m-[38;2;216;190;166m-[38;2;217;191;167m-[38;2;218;192;168m-[38;2;218;193;169m-[38;2;219;193;169m-[38;2;217;192;168m-[38;2;217;192;168m-[38;2;217;191;168m-[38;2;216;191;169m-[38;2;216;192;170m-[38;2;216;191;169m-[38;2;216;191;169m-[38;2;214;191;171m-[38;2;213;191;171m-[38;2;213;193;172m-[38;2;217;194;174m-[38;2;221;195;176m:[38;2;224;201;182m:[38;2;178;145;140m=[38;2;143;112;106m+[38;2;110;75;71m*[38;2;106;73;74m#[38;2;95;67;71m#[38;2;106;78;84m*[38;2;107;78;84m*[38;2;113;87;98m*[38;2;120;91;107m*[38;2;124;93;111m*[38;2;118;89;109m*[38;2;122;94;109m*[38;2;134;105;116m+[38;2;146;116;121m+[38;2;127;98;97m*[38;2;129;101;97m*[38;2;133;110;104m+[38;2;201;185;171m-[38;2;226;208;191m:[38;2;220;202;186m:[38;2;217;200;183m:[38;2;215;198;181m:[38;2;215;199;182m:[38;2;213;198;182m:[38;2;213;199;182m:[38;2;213;198;182m:[38;2;213;197;180m:[38;2;212;196;180m:[38;2;211;194;180m-[38;2;210;192;178m-[38;2;209;191;177m-[38;2;208;190;176m-[38;2;207;190;175m-[38;2;206;189;175m-[38;2;204;188;175m-[38;2;201;187;175m-[38;2;200;186;176m-[38;2;199;185;175m-[38;2;198;184;175m-[38;2;198;183;175m-[38;2;197;183;175m-[38;2;197;183;174m-[38;2;197;183;174m-[38;2;196;183;174m-[38;2;196;183;174m-[38;2;196;182;173m-[38;2;195;182;174m-[38;2;195;181;173m-[38;2;194;180;173m-[38;2;193;179;172m-[38;2;192;179;172m-[38;2;189;177;172m-[38;2;188;177;173m-[38;2;187;176;173m-[38;2;186;175;173m-[38;2;186;175;173m-[38;2;184;174;173m-[38;2;182;175;172m-[38;2;181;174;172m-[38;2;180;174;171m-[38;2;179;174;171m-[38;2;178;174;171m-[0m
[38;2;194;179;165m-[38;2;191;178;164m-[38;2;147;140;132m+[38;2;131;122;112m+[38;2;195;178;161m-[38;2;198;181;163m-[38;2;198;180;163m-[38;2;199;180;162m-[38;2;200;180;161m-[38;2;201;180;162m-[38;2;203;180;163m-[38;2;203;181;164m-[38;2;204;181;164m-[38;2;204;181;165m-[38;2;204;181;164m-[38;2;204;181;162m-[38;2;206;180;163m-[38;2;205;183;163m-[38;2;206;183;162m-[38;2;208;184;162m-[38;2;209;184;163m-[38;2;210;186;164m-[38;2;209;186;164m-[38;2;209;186;164m-[38;2;209;186;165m-[38;2;209;187;166m-[38;2;209;187;166m-[38;2;209;186;166m-[38;2;208;188;167m-[38;2;207;189;168m-[38;2;208;189;170m-[38;2;207;189;167m-[38;2;208;190;170m-[38;2;209;191;172m-[38;2;210;192;173m-[38;2;213;193;175m-[38;2;215;195;177m:[38;2;216;198;179m:[38;2;218;201;184m:[38;2;223;205;188m:[38;2;140;112;103m+[38;2;108;74;72m#[38;2;116;85;83m*[38;2;126;100;105m*[38;2;134;107;114m+[38;2;126;98;108m*[38;2;125;97;113m*[38;2;125;99;115m*[38;2;135;109;124m+[38;2;149;125;134m+[38;2;159;137;145m=[38;2;153;136;142m=[38;2;134;113;113m+[38;2;114;92;89m*[38;2;156;141;131m=[38;2;237;222;205m:[38;2;228;213;196m:[38;2;223;207;191m:[38;2;221;206;190m:[38;2;216;201;184m:[38;2;189;170;156m-[38;2;203;188;174m-[38;2;216;202;185m:[38;2;213;199;183m:[38;2;212;198;182m:[38;2;210;196;181m:[38;2;209;193;179m-[38;2;208;192;177m-[38;2;206;191;176m-[38;2;205;189;177m-[38;2;204;188;175m-[38;2;202;188;175m-[38;2;201;187;176m-[38;2;200;186;177m-[38;2;199;184;177m-[38;2;198;184;176m-[38;2;197;183;175m-[38;2;196;183;174m-[38;2;196;183;174m-[38;2;197;184;175m-[38;2;197;184;175m-[38;2;197;184;175m-[38;2;196;183;175m-[38;2;196;183;175m-[38;2;195;182;174m-[38;2;193;181;175m-[38;2;192;181;176m-[38;2;191;180;177m-[38;2;190;179;177m-[38;2;189;178;176m-[38;2;188;178;176m-[38;2;187;177;176m-[38;2;186;176;175m-[38;2;184;177;175m-[38;2;183;178;175m-[38;2;181;176;174m-[38;2;181;176;174m-[38;2;180;176;175m-[38;2;179;175;176m-[38;2;178;174;175m-[0m
[38;2;194;181;169m-[38;2;193;181;169m-[38;2;192;181;170m-[38;2;138;133;124m+[38;2;119;113;107m+[38;2;196;181;165m-[38;2;197;182;166m-[38;2;198;182;166m-[38;2;199;182;167m-[38;2;199;181;167m-[38;2;200;181;168m-[38;2;201;181;167m-[38;2;201;182;168m-[38;2;201;181;167m-[38;2;200;180;166m-[38;2;199;180;166m-[38;2;199;181;166m-[38;2;200;183;167m-[38;2;201;183;167m-[38;2;202;184;168m-[38;2;201;184;167m-[38;2;201;183;165m-[38;2;203;184;166m-[38;2;203;184;166m-[38;2;203;185;167m-[38;2;203;186;168m-[38;2;205;187;169m-[38;2;204;187;170m-[38;2;205;188;170m-[38;2;205;188;170m-[38;2;206;189;171m-[38;2;207;190;172m-[38;2;209;192;174m-[38;2;210;193;175m-[38;2;211;194;176m-[38;2;213;196;178m:[38;2;215;198;180m:[38;2;217;200;182m:[38;2;222;205;187m:[38;2;228;211;193m:[38;2;234;219;204m:[38;2;163;143;143m=[38;2;100;76;74m#[38;2;86;68;72m#[38;2;80;64;69m#[38;2;91;70;76m#[38;2;94;72;77m#[38;2;86;66;71m#[38;2;86;67;70m#[38;2;87;72;74m#[38;2;75;65;71m#[38;2;66;56;64m#[38;2;72;61;66m#[38;2;115;93;92m*[38;2;157;135;130m+[38;2;125;107;106m*[38;2;136;117;119m+[38;2;145;128;129m+[38;2;169;153;149m=[38;2;116;100;98m*[38;2;104;87;94m*[38;2;111;94;100m*[38;2;178;164;155m=[38;2;218;203;188m:[38;2;215;199;184m:[38;2;212;196;183m:[38;2;211;195;182m-[38;2;207;192;179m-[38;2;205;191;178m-[38;2;204;190;177m-[38;2;203;189;177m-[38;2;202;188;178m-[38;2;201;187;178m-[38;2;200;186;177m-[38;2;199;184;177m-[38;2;199;184;177m-[38;2;198;184;176m-[38;2;198;183;176m-[38;2;198;183;176m-[38;2;198;183;176m-[38;2;197;184;176m-[38;2;197;184;176m-[38;2;198;185;177m-[38;2;197;185;177m-[38;2;195;184;179m-[38;2;194;184;180m-[38;2;193;183;180m-[38;2;192;182;180m-[38;2;191;181;180m-[38;2;190;180;179m-[38;2;188;179;178m-[38;2;187;180;178m-[38;2;186;180;178m-[38;2;185;180;177m-[38;2;184;178;178m-[38;2;183;178;179m-[38;2;182;179;179m-[38;2;181;178;179m-[38;2;179;177;178m-[38;2;178;176;178m-[0m
[38;2;197;185;173m-[38;2;197;185;173m-[38;2;196;186;174m-[38;2;188;180;169m-[38;2;94;94;87m*[38;2;193;179;165m-[38;2;198;185;170m-[38;2;199;184;170m-[38;2;200;184;171m-[38;2;200;184;171m-[38;2;201;184;171m-[38;2;201;184;171m-[38;2;201;184;172m-[38;2;201;184;171m-[38;2;200;182;169m-[38;2;200;182;167m-[38;2;197;180;164m-[38;2;200;183;167m-[38;2;201;184;168m-[38;2;202;185;169m-[38;2;197;181;166m-[38;2;193;177;162m-[38;2;203;186;170m-[38;2;203;186;168m-[38;2;203;186;169m-[38;2;204;186;171m-[38;2;205;187;171m-[38;2;205;187;172m-[38;2;206;188;172m-[38;2;206;189;173m-[38;2;207;189;174m-[38;2;209;191;176m-[38;2;211;193;178m-[38;2;211;194;178m-[38;2;213;196;179m:[38;2;216;199;184m:[38;2;220;204;189m:[38;2;193;173;161m-[38;2;147;124;119m+[38;2;145;123;118m+[38;2;142;122;120m+[38;2;120;97;100m*[38;2;110;86;83m*[38;2;98;73;67m#[38;2;74;53;51m#[38;2;55;42;41m%[38;2;50;39;38m%[38;2;52;40;39m%[38;2;57;44;43m%[38;2;61;48;46m%[38;2;68;55;53m#[38;2;88;71;69m#[38;2;126;101;95m*[38;2;150;122;117m+[38;2;149;126;125m+[38;2;75;64;68m#[38;2;83;67;73m#[38;2;81;68;75m#[38;2;71;62;73m#[38;2;75;62;76m#[38;2;81;69;83m#[38;2;89;75;86m#[38;2;104;90;98m*[38;2;160;144;140m=[38;2;219;203;189m:[38;2;217;201;188m:[38;2;213;198;185m:[38;2;209;195;182m-[38;2;206;192;179m-[38;2;206;191;178m-[38;2;205;189;180m-[38;2;203;189;179m-[38;2;202;188;178m-[38;2;201;187;179m-[38;2;200;186;178m-[38;2;200;186;178m-[38;2;199;185;178m-[38;2;199;185;178m-[38;2;199;186;178m-[38;2;199;187;179m-[38;2;199;187;179m-[38;2;200;187;179m-[38;2;200;188;180m-[38;2;198;188;182m-[38;2;197;186;184m-[38;2;196;186;184m-[38;2;195;185;183m-[38;2;194;184;183m-[38;2;193;184;182m-[38;2;191;184;182m-[38;2;189;184;181m-[38;2;188;183;180m-[38;2;188;183;180m-[38;2;187;182;179m-[38;2;186;182;183m-[38;2;186;182;183m-[38;2;184;181;182m-[38;2;183;181;182m-[38;2;182;180;182m-[38;2;181;179;182m-[0m
[38;2;202;190;178m-[38;2;202;190;178m-[38;2;200;190;178m-[38;2;195;187;176m-[38;2;132;131;123m+[38;2;145;140;129m+[38;2;203;189;176m-[38;2;202;188;175m-[38;2;203;188;175m-[38;2;203;188;175m-[38;2;203;187;174m-[38;2;203;187;174m-[38;2;203;187;174m-[38;2;202;186;173m-[38;2;202;186;173m-[38;2;198;184;171m-[38;2;193;178;165m-[38;2;202;187;173m-[38;2;202;186;173m-[38;2;197;181;167m-[38;2;193;179;165m-[38;2;199;183;169m-[38;2;198;181;167m-[38;2;205;187;173m-[38;2;206;188;174m-[38;2;207;190;176m-[38;2;207;190;176m-[38;2;207;191;176m-[38;2;208;191;178m-[38;2;209;192;179m-[38;2;209;192;180m-[38;2;212;194;182m-[38;2;214;196;183m:[38;2;215;197;185m:[38;2;217;199;187m:[38;2;222;204;192m:[38;2;198;177;165m-[38;2;109;84;86m*[38;2;99;76;83m#[38;2;94;71;80m#[38;2;83;63;69m#[38;2;72;56;60m#[38;2;92;77;81m#[38;2;113;83;78m*[38;2;107;75;69m#[38;2;100;70;62m#[38;2;92;64;57m#[38;2;88;59;53m#[38;2;92;63;57m#[38;2;111;81;75m*[38;2;137;107;100m+[38;2;153;128;119m+[38;2;153;124;117m+[38;2;154;125;119m+[38;2;135;113;111m+[38;2;88;72;79m#[38;2;63;54;61m#[38;2;58;54;60m%[38;2;62;58;68m#[38;2;69;63;76m#[38;2;72;66;79m#[38;2;66;63;70m#[38;2;59;55;63m#[38;2;67;61;70m#[38;2;118;109;115m*[38;2;142;131;132m+[38;2;163;153;149m=[38;2;184;172;164m-[38;2;204;191;181m-[38;2;212;195;184m:[38;2;209;193;183m-[38;2;206;191;180m-[38;2;204;190;179m-[38;2;203;190;180m-[38;2;202;189;180m-[38;2;201;188;180m-[38;2;200;188;180m-[38;2;200;189;180m-[38;2;200;189;180m-[38;2;199;189;180m-[38;2;199;189;182m-[38;2;199;189;184m-[38;2;200;189;185m-[38;2;200;189;185m-[38;2;198;189;185m-[38;2;198;188;186m-[38;2;197;187;185m-[38;2;196;187;185m-[38;2;193;188;185m-[38;2;193;188;185m-[38;2;192;187;185m-[38;2;191;185;185m-[38;2;189;184;184m-[38;2;188;184;183m-[38;2;189;183;183m-[38;2;189;184;185m-[38;2;187;184;185m-[38;2;186;184;185m-[38;2;185;183;186m-[38;2;184;182;185m-[0m
[38;2;204;192;180m-[38;2;204;192;180m-[38;2;174;166;157m=[38;2;126;124;121m+[38;2;181;175;168m-[38;2;79;79;77m#[38;2;172;161;150m=[38;2;207;193;179m-[38;2;206;192;179m-[38;2;206;191;178m-[38;2;207;191;178m-[38;2;207;191;178m-[38;2;207;191;178m-[38;2;206;191;178m-[38;2;204;190;177m-[38;2;192;182;169m-[38;2;200;188;176m-[38;2;198;185;171m-[38;2;200;184;172m-[38;2;205;189;177m-[38;2;205;188;175m-[38;2;208;190;178m-[38;2;209;191;179m-[38;2;209;191;179m-[38;2;209;192;180m-[38;2;209;193;180m-[38;2;209;193;180m-[38;2;210;194;181m-[38;2;210;194;181m-[38;2;210;194;181m-[38;2;210;194;181m-[38;2;211;195;182m-[38;2;214;196;184m:[38;2;217;199;187m:[38;2;221;203;191m:[38;2;207;185;175m-[38;2;115;91;94m*[38;2;89;68;76m#[38;2;76;56;65m#[38;2;69;52;61m#[38;2;68;52;61m#[38;2;67;52;61m#[38;2;78;64;70m#[38;2;94;73;72m#[38;2;106;80;75m*[38;2;109;80;72m*[38;2;103;74;66m#[38;2;102;71;62m#[38;2;109;76;68m*[38;2;122;87;81m*[38;2;135;100;94m*[38;2;143;112;104m+[38;2;140;113;106m+[38;2;110;90;89m*[38;2;63;51;56m%[38;2;56;44;54m%[38;2;53;46;53m%[38;2;55;51;57m%[38;2;58;55;61m#[38;2;54;49;56m%[38;2;47;43;48m%[38;2;49;47;53m%[38;2;55;53;60m%[38;2;59;57;67m#[38;2;60;58;71m#[38;2;61;58;72m#[38;2;62;58;72m#[38;2;67;64;76m#[38;2;76;73;81m#[38;2;101;94;99m*[38;2;137;127;127m+[38;2;178;166;159m=[38;2;205;193;182m-[38;2;205;192;183m-[38;2;204;191;182m-[38;2;203;190;181m-[38;2;204;191;182m-[38;2;204;191;182m-[38;2;203;190;181m-[38;2;202;191;182m-[38;2;201;191;184m-[38;2;201;190;186m-[38;2;201;191;187m-[38;2;200;191;186m-[38;2;200;191;187m-[38;2;200;190;188m-[38;2;199;189;187m-[38;2;198;190;187m-[38;2;195;190;187m-[38;2;195;190;187m-[38;2;194;190;187m-[38;2;193;189;187m-[38;2;191;187;186m-[38;2;190;186;185m-[38;2;191;187;186m-[38;2;191;187;187m-[38;2;191;187;187m-[38;2;191;187;187m-[38;2;189;187;188m-[38;2;189;187;188m-[0m
[38;2;208;197;185m:[38;2;181;172;161m-[38;2;198;188;176m-[38;2;170;164;154m=[38;2;111;109;105m*[38;2;109;110;108m*[38;2;130;125;117m+[38;2;202;190;177m-[38;2;204;190;177m-[38;2;210;196;183m:[38;2;211;196;183m:[38;2;212;196;182m:[38;2;212;196;182m:[38;2;210;195;182m-[38;2;198;187;174m-[38;2;194;182;172m-[38;2;205;193;181m-[38;2;212;199;183m:[38;2;211;198;182m:[38;2;210;197;182m:[38;2;211;196;183m:[38;2;211;196;183m:[38;2;213;196;185m:[38;2;189;177;165m-[38;2;164;158;146m=[38;2;212;198;184m:[38;2;212;196;183m:[38;2;211;195;182m-[38;2;211;195;182m-[38;2;211;195;182m-[38;2;212;196;183m:[38;2;213;197;184m:[38;2;216;201;188m:[38;2;184;167;156m-[38;2;104;84;88m*[38;2;87;69;76m#[38;2;81;61;70m#[38;2;76;57;67m#[38;2;71;52;62m#[38;2;65;47;54m%[38;2;59;44;51m%[38;2;57;45;53m%[38;2;55;44;51m%[38;2;56;45;51m%[38;2;63;51;54m%[38;2;73;58;58m#[38;2;84;65;60m#[38;2;89;66;61m#[38;2;98;71;63m#[38;2;111;81;75m*[38;2;118;88;84m*[38;2;100;78;77m*[38;2;68;55;58m#[38;2;49;41;46m%[38;2;50;44;48m%[38;2;47;41;46m%[38;2;44;40;44m%[38;2;45;40;45m%[38;2;50;45;51m%[38;2;52;49;55m%[38;2;51;50;55m%[38;2;52;52;58m%[38;2;53;52;59m%[38;2;54;52;60m%[38;2;55;53;64m%[38;2;53;52;60m%[38;2;51;52;59m%[38;2;54;54;62m%[38;2;56;55;64m%[38;2;59;55;67m#[38;2;63;58;70m#[38;2;68;62;74m#[38;2;104;95;103m*[38;2;178;165;157m=[38;2;208;194;186m-[38;2;207;194;185m-[38;2;206;193;184m-[38;2;207;194;185m-[38;2;207;194;186m-[38;2;205;195;186m-[38;2;204;194;187m-[38;2;204;194;188m-[38;2;204;194;189m-[38;2;203;194;189m-[38;2;203;194;190m-[38;2;203;193;190m-[38;2;200;194;190m-[38;2;198;193;189m-[38;2;198;193;189m-[38;2;197;193;189m-[38;2;197;193;190m-[38;2;196;192;190m-[38;2;195;191;189m-[38;2;195;191;189m-[38;2;195;191;189m-[38;2;195;191;189m-[38;2;196;192;190m-[38;2;196;192;190m-[38;2;196;192;189m-[38;2;195;192;189m-[0m
[38;2;207;196;184m-[38;2;126;119;110m+[38;2;128;121;113m+[38;2;185;174;165m-[38;2;159;151;142m=[38;2;160;155;152m=[38;2;86;85;86m*[38;2;155;146;137m=[38;2;212;198;185m:[38;2;213;199;186m:[38;2;213;199;186m:[38;2;213;199;184m:[38;2;212;198;183m:[38;2;211;198;183m:[38;2;193;184;172m-[38;2;204;193;182m-[38;2;206;194;183m-[38;2;152;150;135m=[38;2;174;169;154m=[38;2;208;193;180m-[38;2;213;196;185m:[38;2;213;197;184m:[38;2;213;197;184m:[38;2;171;160;148m=[38;2;106;109;97m*[38;2;212;196;185m:[38;2;213;196;183m:[38;2;213;195;183m:[38;2;212;195;183m-[38;2;211;195;182m-[38;2;193;177;166m-[38;2;153;137;131m+[38;2;115;99;103m*[38;2;89;73;84m#[38;2;77;62;75m#[38;2;66;53;63m#[38;2;61;47;55m%[38;2;59;44;51m%[38;2;57;43;48m%[38;2;56;43;46m%[38;2;56;43;48m%[38;2;54;43;50m%[38;2;54;43;50m%[38;2;54;43;50m%[38;2;54;44;50m%[38;2;54;46;48m%[38;2;53;49;50m%[38;2;56;50;52m%[38;2;58;50;53m%[38;2;65;54;56m#[38;2;66;54;58m#[38;2;46;39;42m%[38;2;58;49;56m%[38;2;49;43;49m%[38;2;46;40;47m%[38;2;48;43;50m%[38;2;53;49;55m%[38;2;55;51;57m%[38;2;54;51;58m%[38;2;52;51;57m%[38;2;52;51;57m%[38;2;52;51;57m%[38;2;51;50;56m%[38;2;50;50;55m%[38;2;53;53;60m%[38;2;52;52;57m%[38;2;48;46;52m%[38;2;52;50;56m%[38;2;53;51;58m%[38;2;51;48;56m%[38;2;57;52;60m%[38;2;52;46;57m%[38;2;59;52;64m%[38;2;75;66;81m#[38;2;136;126;124m+[38;2;210;199;187m:[38;2;210;198;188m:[38;2;210;198;189m:[38;2;209;198;189m:[38;2;208;198;189m:[38;2;207;198;189m:[38;2;207;198;191m:[38;2;206;197;192m:[38;2;206;197;192m:[38;2;206;197;192m:[38;2;206;197;192m:[38;2;204;197;192m:[38;2;202;197;192m-[38;2;202;197;192m-[38;2;201;197;192m-[38;2;201;197;193m-[38;2;201;197;193m-[38;2;201;197;193m-[38;2;201;197;194m-[38;2;201;197;193m-[38;2;202;197;194m-[38;2;201;198;195m:[38;2;201;199;195m:[38;2;203;198;195m:[38;2;202;199;194m:[0m
[38;2;207;195;185m-[38;2;106;102;95m*[38;2;125;121;116m+[38;2;156;149;141m=[38;2;167;159;150m=[38;2;164;159;155m=[38;2;99;100;102m*[38;2;177;169;160m-[38;2;214;201;187m:[38;2;215;202;189m:[38;2;216;203;189m:[38;2;215;202;189m:[38;2;214;201;187m:[38;2;211;200;186m:[38;2;158;150;141m=[38;2;206;190;176m-[38;2;214;197;187m:[38;2;89;93;79m*[38;2;138;140;125m+[38;2;215;197;185m:[38;2;214;197;184m:[38;2;214;196;184m:[38;2;214;197;185m:[38;2;154;148;142m=[38;2;131;131;128m+[38;2;213;196;186m:[38;2;213;195;183m:[38;2;211;194;182m-[38;2;148;132;129m+[38;2;96;79;88m*[38;2;80;62;76m#[38;2;75;60;73m#[38;2;70;56;70m#[38;2;66;54;68m#[38;2;64;53;66m#[38;2;63;53;64m#[38;2;63;51;61m%[38;2;61;50;59m%[38;2;59;51;57m%[38;2;57;48;55m%[38;2;55;42;49m%[38;2;51;39;45m%[38;2;48;39;43m%[38;2;48;42;44m%[38;2;54;52;47m%[38;2;63;63;53m#[38;2;57;55;52m%[38;2;50;46;45m%[38;2;59;51;57m%[38;2;46;41;43m%[38;2;43;39;40m%[38;2;44;38;40m%[38;2;58;49;58m%[38;2;47;41;49m%[38;2;51;45;53m%[38;2;53;48;53m%[38;2;54;50;56m%[38;2;52;49;56m%[38;2;53;50;57m%[38;2;52;50;56m%[38;2;51;49;56m%[38;2;51;49;56m%[38;2;51;50;55m%[38;2;50;50;55m%[38;2;52;50;56m%[38;2;53;50;57m%[38;2;47;44;51m%[38;2;52;49;56m%[38;2;51;48;55m%[38;2;47;44;51m%[38;2;52;48;55m%[38;2;47;43;49m%[38;2;48;43;50m%[38;2;69;60;73m#[38;2;59;54;64m%[38;2;93;89;93m*[38;2;197;186;177m-[38;2;211;199;190m:[38;2;210;199;190m:[38;2;210;198;189m:[38;2;208;198;189m:[38;2;208;199;193m:[38;2;208;199;194m:[38;2;208;199;194m:[38;2;208;199;194m:[38;2;209;200;195m:[38;2;209;200;195m:[38;2;208;200;195m:[38;2;207;200;195m:[38;2;207;200;196m:[38;2;207;200;196m:[38;2;206;200;197m:[38;2;206;201;197m:[38;2;206;201;197m:[38;2;205;200;196m:[38;2;205;200;196m:[38;2;204;200;196m:[38;2;205;202;197m:[38;2;205;202;198m:[38;2;206;202;198m:[0m
[38;2;217;207;197m:[38;2;213;205;195m:[38;2;137;133;128m+[38;2;190;186;180m-[38;2;146;141;138m=[38;2;158;154;151m=[38;2;97;98;99m*[38;2;149;140;133m=[38;2;198;187;175m-[38;2;219;208;194m:[38;2;219;207;195m:[38;2;218;207;194m:[38;2;217;205;193m:[38;2;198;188;176m-[38;2;157;149;139m=[38;2;214;199;187m:[38;2;148;146;134m=[38;2;64;74;59m#[38;2;142;144;128m+[38;2;150;144;129m=[38;2;210;195;183m-[38;2;213;197;186m:[38;2;213;198;185m:[38;2;122;119;115m+[38;2;148;144;138m=[38;2;214;197;185m:[38;2;208;194;182m-[38;2;118;105;104m*[38;2;78;62;77m#[38;2;68;54;69m#[38;2;62;52;66m%[38;2;62;51;63m%[38;2;57;50;61m%[38;2;55;49;60m%[38;2;54;48;59m%[38;2;53;47;59m%[38;2;56;48;57m%[38;2;55;48;56m%[38;2;55;50;56m%[38;2;54;49;55m%[38;2;54;48;54m%[38;2;52;48;52m%[38;2;55;50;53m%[38;2;61;56;58m#[38;2;79;84;64m#[38;2;88;97;64m*[38;2;60;60;55m#[38;2;51;48;47m%[38;2;64;56;58m#[38;2;53;49;50m%[38;2;43;41;42m%[38;2;45;40;43m%[38;2;58;51;58m%[38;2;44;39;45m%[38;2;46;41;47m%[38;2;48;44;48m%[38;2;49;45;50m%[38;2;50;46;52m%[38;2;50;47;54m%[38;2;49;46;53m%[38;2;49;46;53m%[38;2;49;47;53m%[38;2;52;53;58m%[38;2;50;50;55m%[38;2;48;48;54m%[38;2;52;49;56m%[38;2;47;45;52m%[38;2;47;45;51m%[38;2;52;49;55m%[38;2;45;41;47m%[38;2;49;45;52m%[38;2;44;39;46m%[38;2;43;39;46m%[38;2;53;50;61m%[38;2;65;62;75m#[38;2;49;47;60m%[38;2;59;55;63m#[38;2;188;179;173m-[38;2;210;200;192m:[38;2;208;199;191m:[38;2;208;199;194m:[38;2;209;200;195m:[38;2;209;200;195m:[38;2;206;197;192m:[38;2;210;201;196m:[38;2;210;201;196m:[38;2;211;202;197m:[38;2;210;201;196m:[38;2;211;201;196m:[38;2;211;201;198m:[38;2;211;201;199m:[38;2;209;202;198m:[38;2;207;202;198m:[38;2;207;202;198m:[38;2;207;202;198m:[38;2;207;202;198m:[38;2;207;202;198m:[38;2;207;203;199m:[38;2;207;204;199m:[38;2;208;204;200m:[0m
[38;2;224;215;206m:[38;2;222;213;204m:[38;2;192;186;179m-[38;2;133;133;132m+[38;2;101;104;110m*[38;2;104;108;115m*[38;2;144;140;138m+[38;2;212;202;191m:[38;2;179;170;161m-[38;2;199;188;176m-[38;2;224;212;200m:[38;2;220;211;197m:[38;2;211;201;188m:[38;2;181;171;159m-[38;2;179;170;157m-[38;2;200;186;176m-[38;2;82;85;76m#[38;2;70;75;66m#[38;2;107;107;92m*[38;2;134;133;119m+[38;2;211;196;186m:[38;2;212;198;186m:[38;2;212;198;185m:[38;2;99;102;105m*[38;2;195;185;175m-[38;2;211;197;184m:[38;2;119;104;102m*[38;2;61;48;58m%[38;2;67;54;66m#[38;2;57;50;59m%[38;2;55;50;58m%[38;2;54;48;55m%[38;2;53;48;55m%[38;2;53;49;55m%[38;2;52;48;54m%[38;2;52;47;55m%[38;2;51;45;57m%[38;2;51;46;56m%[38;2;52;47;56m%[38;2;53;48;54m%[38;2;52;47;53m%[38;2;51;47;50m%[38;2;53;51;52m%[38;2;57;54;54m%[38;2;56;54;54m%[38;2;52;50;51m%[38;2;48;46;47m%[38;2;47;45;46m%[38;2;60;54;57m%[38;2;55;50;53m%[38;2;47;45;48m%[38;2;51;45;51m%[38;2;61;54;62m#[38;2;46;42;48m%[38;2;46;43;48m%[38;2;47;43;48m%[38;2;47;43;48m%[38;2;48;43;49m%[38;2;50;45;52m%[38;2;48;45;52m%[38;2;47;44;51m%[38;2;48;46;52m%[38;2;49;49;54m%[38;2;50;49;55m%[38;2;49;46;53m%[38;2;51;48;55m%[38;2;51;48;55m%[38;2;45;42;49m%[38;2;54;50;57m%[38;2;42;37;43m%[38;2;47;42;48m%[38;2;38;33;40m%[38;2;41;36;43m%[38;2;51;47;54m%[38;2;64;59;69m#[38;2;47;43;51m%[38;2;44;40;48m%[38;2;65;59;65m#[38;2;193;185;179m-[38;2;210;201;193m:[38;2;209;199;195m:[38;2;209;200;195m:[38;2;208;200;194m:[38;2;203;197;193m-[38;2;203;197;192m-[38;2;211;202;197m:[38;2;211;203;197m:[38;2;212;203;197m:[38;2;211;202;195m:[38;2;211;202;197m:[38;2;209;202;199m:[38;2;208;202;199m:[38;2;208;203;199m:[38;2;208;203;199m:[38;2;207;202;199m:[38;2;207;203;199m:[38;2;207;203;200m:[38;2;207;203;200m:[38;2;207;203;200m:[38;2;206;204;201m:[0m
[38;2;238;230;219m.[38;2;237;229;218m.[38;2;234;226;215m.[38;2;210;204;195m:[38;2;145;144;146m=[38;2;111;116;123m+[38;2;133;134;138m+[38;2;226;216;204m:[38;2;224;215;201m:[38;2;194;185;175m-[38;2;160;151;143m=[38;2;100;97;91m*[38;2;113;108;101m*[38;2;132;123;114m+[38;2;114;105;96m*[38;2;131;125;117m+[38;2;70;72;70m#[38;2;112;114;111m*[38;2;149;145;129m=[38;2;139;140;120m+[38;2;186;178;159m-[38;2;214;200;190m:[38;2;168;162;157m=[38;2;117;120;122m+[38;2;214;200;191m:[38;2;123;107;107m*[38;2;68;55;64m#[38;2;45;42;46m%[38;2;52;47;53m%[38;2;53;47;57m%[38;2;51;44;56m%[38;2;56;44;54m%[38;2;52;45;53m%[38;2;51;47;54m%[38;2;50;47;54m%[38;2;52;48;53m%[38;2;51;46;53m%[38;2;51;45;55m%[38;2;50;44;57m%[38;2;50;45;55m%[38;2;52;47;53m%[38;2;50;45;50m%[38;2;50;45;49m%[38;2;49;44;49m%[38;2;50;45;50m%[38;2;49;46;49m%[38;2;48;46;47m%[38;2;46;45;45m%[38;2;61;54;61m#[38;2;51;45;50m%[38;2;47;42;46m%[38;2;51;45;51m%[38;2;64;56;66m#[38;2;49;45;53m%[38;2;49;44;54m%[38;2;47;42;50m%[38;2;46;42;49m%[38;2;47;43;50m%[38;2;46;43;49m%[38;2;47;43;51m%[38;2;47;43;50m%[38;2;46;43;50m%[38;2;49;46;53m%[38;2;50;47;54m%[38;2;50;47;54m%[38;2;50;47;54m%[38;2;49;46;53m%[38;2;46;43;50m%[38;2;50;47;54m%[38;2;44;39;45m%[38;2;44;40;47m%[38;2;35;30;36m%[38;2;41;36;42m%[38;2;49;44;51m%[38;2;58;54;61m%[38;2;47;44;51m%[38;2;41;38;45m%[38;2;41;38;46m%[38;2;70;66;74m#[38;2;201;194;191m-[38;2;206;200;197m:[38;2;203;199;196m:[38;2;206;202;198m:[38;2;206;201;198m:[38;2;194;190;187m-[38;2;207;203;195m:[38;2;209;203;197m:[38;2;209;202;198m:[38;2;209;203;198m:[38;2;210;202;198m:[38;2;208;202;198m:[38;2;207;202;198m:[38;2;207;203;198m:[38;2;206;202;198m:[38;2;206;203;198m:[38;2;205;202;197m:[38;2;205;201;198m:[38;2;204;200;198m:[38;2;203;200;198m:[38;2;203;201;198m:[0m
[38;2;243;233;223m.[38;2;243;234;222m.[38;2;205;197;187m-[38;2;234;226;215m.[38;2;239;232;221m.[38;2;178;177;172m-[38;2;109;114;122m+[38;2;216;210;202m:[38;2;231;222;209m:[38;2;231;222;209m:[38;2;202;195;187m-[38;2;88;87;86m*[38;2;201;194;188m-[38;2;150;146;141m=[38;2;180;174;167m-[38;2;116;117;113m+[38;2;73;77;78m#[38;2;160;157;148m=[38;2;187;179;165m-[38;2;198;184;164m-[38;2;191;182;166m-[38;2;214;202;191m:[38;2;103;106;110m*[38;2;184;177;173m-[38;2;109;94;97m*[38;2;77;62;73m#[38;2;59;48;57m%[38;2;48;38;46m%[38;2;44;34;43m%[38;2;53;43;53m%[38;2;52;42;52m%[38;2;50;43;53m%[38;2;50;45;53m%[38;2;49;44;51m%[38;2;48;44;50m%[38;2;47;45;50m%[38;2;49;44;50m%[38;2;49;44;51m%[38;2;48;42;52m%[38;2;47;41;52m%[38;2;50;45;52m%[38;2;49;44;49m%[38;2;50;45;49m%[38;2;48;43;47m%[38;2;48;43;47m%[38;2;48;43;49m%[38;2;47;43;48m%[38;2;47;43;47m%[38;2;63;54;63m#[38;2;47;43;49m%[38;2;43;38;42m%[38;2;44;39;44m%[38;2;59;51;60m%[38;2;47;43;50m%[38;2;48;44;51m%[38;2;46;43;53m%[38;2;45;42;50m%[38;2;44;41;48m%[38;2;45;42;47m%[38;2;46;41;47m%[38;2;44;42;45m%[38;2;44;41;48m%[38;2;46;43;50m%[38;2;48;45;52m%[38;2;49;46;53m%[38;2;51;48;55m%[38;2;51;47;54m%[38;2;50;45;51m%[38;2;49;45;51m%[38;2;52;48;54m%[38;2;40;40;44m%[38;2;30;28;33m%[38;2;34;32;37m%[38;2;43;40;46m%[38;2;52;48;54m%[38;2;50;45;51m%[38;2;42;38;44m%[38;2;42;37;44m%[38;2;42;38;45m%[38;2;90;88;92m*[38;2;206;203;201m:[38;2;199;195;193m-[38;2;201;198;197m:[38;2;180;180;181m-[38;2;168;168;169m=[38;2;197;195;191m-[38;2;203;201;197m:[38;2;205;203;198m:[38;2;206;202;199m:[38;2;206;202;198m:[38;2;204;202;198m:[38;2;204;202;197m:[38;2;203;201;197m:[38;2;202;201;197m:[38;2;202;201;197m:[38;2;201;200;197m:[38;2;201;199;197m:[38;2;200;199;196m:[38;2;199;198;196m-[38;2;198;198;196m-[0m
[38;2;234;226;214m.[38;2;180;175;165m-[38;2;105;104;99m*[38;2;216;210;201m:[38;2;243;234;222m.[38;2;245;236;224m.[38;2;137;140;142m+[38;2;164;165;166m=[38;2;233;225;212m:[38;2;188;183;175m-[38;2;156;155;153m=[38;2;61;65;69m#[38;2;119;119;120m+[38;2;127;125;125m+[38;2;153;151;148m=[38;2;76;82;80m#[38;2;97;102;98m*[38;2;168;163;155m=[38;2;141;135;121m+[38;2;189;179;171m-[38;2;210;198;190m:[38;2;171;166;161m=[38;2;142;139;142m+[38;2;153;139;139m=[38;2;54;44;52m%[38;2;60;50;59m%[38;2;53;41;51m%[38;2;49;37;47m%[38;2;42;33;41m%[38;2;45;39;45m%[38;2;48;45;51m%[38;2;49;44;51m%[38;2;48;43;50m%[38;2;48;43;50m%[38;2;46;42;49m%[38;2;45;42;49m%[38;2;46;41;47m%[38;2;47;42;48m%[38;2;47;42;49m%[38;2;48;42;50m%[38;2;47;41;53m%[38;2;46;41;50m%[38;2;49;44;51m%[38;2;49;44;49m%[38;2;46;42;44m%[38;2;46;41;47m%[38;2;45;40;46m%[38;2;43;38;44m%[38;2;58;49;60m%[38;2;47;42;50m%[38;2;41;36;41m%[38;2;45;38;45m%[38;2;54;47;55m%[38;2;43;38;44m%[38;2;45;41;46m%[38;2;45;42;49m%[38;2;44;40;49m%[38;2;43;40;47m%[38;2;43;40;45m%[38;2;45;40;46m%[38;2;43;40;44m%[38;2;44;40;46m%[38;2;45;41;47m%[38;2;47;43;49m%[38;2;49;45;51m%[38;2;49;46;53m%[38;2;50;45;52m%[38;2;50;45;51m%[38;2;51;46;52m%[38;2;56;51;57m%[38;2;41;40;45m%[38;2;21;20;25m@[38;2;29;28;33m%[38;2;43;41;46m%[38;2;53;49;55m%[38;2;47;42;48m%[38;2;43;38;44m%[38;2;43;38;44m%[38;2;41;37;42m%[38;2;39;37;42m%[38;2;133;132;135m+[38;2;204;204;200m:[38;2;174;175;175m-[38;2;180;181;182m-[38;2;178;179;182m-[38;2;178;179;179m-[38;2;190;190;190m-[38;2;196;195;194m-[38;2;200;198;197m:[38;2;200;199;197m:[38;2;199;199;197m:[38;2;198;198;196m-[38;2;197;197;195m-[38;2;197;197;196m-[38;2;197;197;195m-[38;2;196;196;194m-[38;2;196;196;194m-[38;2;196;196;194m-[38;2;195;195;194m-[38;2;196;196;196m-[0m
[38;2;203;199;189m:[38;2;170;168;161m=[38;2;124;124;121m+[38;2;199;194;189m-[38;2;211;205;197m:[38;2;206;199;189m:[38;2;142;145;146m=[38;2;118;124;132m+[38;2;221;214;205m:[38;2;161;162;160m=[38;2;118;122;125m+[38;2;127;129;131m+[38;2;117;119;122m+[38;2;162;163;165m=[38;2;86;92;96m*[38;2;85;87;84m*[38;2;196;188;179m-[38;2;200;191;180m-[38;2;222;209;199m:[38;2;158;157;147m=[38;2;163;159;158m=[38;2;117;119;130m+[38;2;164;155;155m=[38;2;63;51;58m%[38;2;46;35;43m%[38;2;50;40;48m%[38;2;43;39;46m%[38;2;42;37;45m%[38;2;38;35;41m%[38;2;37;35;39m%[38;2;47;45;50m%[38;2;48;43;51m%[38;2;48;43;50m%[38;2;47;43;50m%[38;2;44;41;48m%[38;2;44;41;48m%[38;2;45;42;47m%[38;2;45;43;46m%[38;2;45;42;46m%[38;2;48;42;50m%[38;2;47;42;50m%[38;2;47;42;49m%[38;2;47;43;47m%[38;2;46;42;44m%[38;2;44;40;41m%[38;2;44;39;43m%[38;2;42;37;43m%[38;2;41;36;41m%[38;2;52;44;56m%[38;2;47;41;50m%[38;2;41;36;42m%[38;2;42;37;43m%[38;2;55;47;56m%[38;2;41;37;42m%[38;2;42;37;41m%[38;2;41;38;44m%[38;2;41;38;45m%[38;2;41;38;45m%[38;2;42;38;45m%[38;2;44;39;45m%[38;2;44;39;45m%[38;2;45;40;46m%[38;2;45;40;46m%[38;2;46;41;47m%[38;2;48;43;49m%[38;2;49;44;50m%[38;2;49;44;50m%[38;2;49;44;50m%[38;2;50;45;51m%[38;2;53;48;54m%[38;2;37;37;41m%[38;2;21;20;25m@[38;2;34;32;37m%[38;2;45;41;46m%[38;2;55;50;56m%[38;2;46;41;47m%[38;2;44;40;46m%[38;2;43;40;45m%[38;2;39;38;43m%[38;2;37;38;43m%[38;2;45;46;51m%[38;2;179;180;181m-[38;2;185;186;191m-[38;2;173;174;181m-[38;2;166;169;177m=[38;2;153;156;163m=[38;2;160;162;166m=[38;2;195;196;197m-[38;2;194;194;195m-[38;2;190;190;191m-[38;2;195;196;196m-[38;2;194;194;195m-[38;2;195;195;195m-[38;2;195;195;195m-[38;2;195;195;195m-[38;2;194;195;194m-[38;2;194;194;193m-[38;2;194;194;193m-[38;2;194;194;194m-[38;2;194;195;195m-[0m
[38;2;173;170;167m-[38;2;117;117;118m+[38;2;123;122;123m+[38;2;171;167;163m=[38;2;146;145;143m=[38;2;147;146;144m=[38;2;132;133;135m+[38;2;103;109;114m*[38;2;137;141;143m+[38;2;98;102;106m*[38;2;107;112;116m*[38;2;141;142;146m=[38;2;168;169;170m=[38;2;102;107;117m*[38;2;51;55;55m%[38;2;130;124;117m+[38;2;176;166;157m=[38;2;200;190;175m-[38;2;192;185;173m-[38;2;107;116;108m*[38;2;119;119;124m+[38;2;193;186;181m-[38;2;118;107;106m*[38;2;43;34;42m%[38;2;43;34;41m%[38;2;46;35;43m%[38;2;45;41;46m%[38;2;43;39;46m%[38;2;38;36;42m%[38;2;31;29;35m%[38;2;44;40;48m%[38;2;47;42;52m%[38;2;46;40;50m%[38;2;45;41;49m%[38;2;45;42;49m%[38;2;44;41;48m%[38;2;43;41;46m%[38;2;45;41;46m%[38;2;45;40;46m%[38;2;44;39;46m%[38;2;45;40;46m%[38;2;45;40;46m%[38;2;45;41;43m%[38;2;43;39;40m%[38;2;43;39;40m%[38;2;42;38;40m%[38;2;41;36;42m%[38;2;40;35;41m%[38;2;47;41;51m%[38;2;47;41;51m%[38;2;38;33;39m%[38;2;39;32;40m%[38;2;56;49;59m%[38;2;42;39;43m%[38;2;40;38;41m%[38;2;40;36;41m%[38;2;39;36;42m%[38;2;39;36;43m%[38;2;40;37;43m%[38;2;44;39;45m%[38;2;42;37;43m%[38;2;43;38;44m%[38;2;43;38;44m%[38;2;43;38;44m%[38;2;45;40;46m%[38;2;46;41;47m%[38;2;47;42;48m%[38;2;49;44;50m%[38;2;50;45;51m%[38;2;51;46;52m%[38;2;35;35;39m%[38;2;26;25;30m@[38;2;33;32;37m%[38;2;40;40;45m%[38;2;53;49;55m%[38;2;46;41;47m%[38;2;43;41;46m%[38;2;42;42;46m%[38;2;40;40;45m%[38;2;38;39;44m%[38;2;41;42;47m%[38;2;78;79;85m#[38;2;174;175;183m-[38;2;156;159;170m=[38;2;171;174;185m-[38;2;184;188;199m-[38;2;146;148;156m=[38;2;190;191;194m-[38;2;184;185;189m-[38;2;180;181;183m-[38;2;185;186;189m-[38;2;189;190;192m-[38;2;192;194;195m-[38;2;192;194;194m-[38;2;192;194;194m-[38;2;192;193;194m-[38;2;191;193;193m-[38;2;189;189;192m-[38;2;193;194;194m-[38;2;193;194;196m-[0m
[38;2;159;157;152m=[38;2;89;92;95m*[38;2;93;94;98m*[38;2;166;163;163m=[38;2;197;191;189m-[38;2;185;181;178m-[38;2;168;168;168m=[38;2;106;110;114m*[38;2;112;115;120m+[38;2;82;85;90m*[38;2;110;113;118m*[38;2;142;143;147m=[38;2;160;163;169m=[38;2;75;82;94m#[38;2;146;143;138m=[38;2;181;170;159m-[38;2;169;162;145m=[38;2;134;129;112m+[38;2;110;108;109m*[38;2;106;109;119m*[38;2;151;148;142m=[38;2;176;165;150m=[38;2;49;37;45m%[38;2;41;32;40m%[38;2;40;32;39m%[38;2;44;34;41m%[38;2;44;39;43m%[38;2;44;38;44m%[38;2;42;35;42m%[38;2;34;31;38m%[38;2;41;34;43m%[38;2;46;43;50m%[38;2;45;40;48m%[38;2;44;40;49m%[38;2;43;40;47m%[38;2;43;41;47m%[38;2;41;40;45m%[38;2;42;38;43m%[38;2;43;39;43m%[38;2;43;40;43m%[38;2;43;38;44m%[38;2;43;38;44m%[38;2;42;38;43m%[38;2;41;38;41m%[38;2;41;38;40m%[38;2;40;36;37m%[38;2;38;35;39m%[38;2;38;34;39m%[38;2;45;39;49m%[38;2;48;41;51m%[38;2;40;35;41m%[38;2;36;31;37m%[38;2;54;48;57m%[38;2;40;38;42m%[38;2;40;38;42m%[38;2;40;36;40m%[38;2;39;35;40m%[38;2;38;34;40m%[38;2;38;35;42m%[38;2;40;38;43m%[38;2;42;37;43m%[38;2;41;36;42m%[38;2;40;35;41m%[38;2;42;37;43m%[38;2;44;39;45m%[38;2;45;40;46m%[38;2;46;41;47m%[38;2;47;42;48m%[38;2;49;44;50m%[38;2;51;46;52m%[38;2;35;35;39m%[38;2;23;24;28m@[38;2;28;29;33m%[38;2;38;39;43m%[38;2;50;47;52m%[38;2;48;43;49m%[38;2;43;42;45m%[38;2;41;41;44m%[38;2;40;41;45m%[38;2;39;40;44m%[38;2;43;44;48m%[38;2;62;62;67m#[38;2;162;162;168m=[38;2;173;177;187m-[38;2;131;137;148m+[38;2;161;164;174m=[38;2;125;127;137m+[38;2;154;156;164m=[38;2;183;184;193m-[38;2;189;191;197m-[38;2;189;190;197m-[38;2;188;189;194m-[38;2;189;190;194m-[38;2;188;189;192m-[38;2;190;191;194m-[38;2;191;192;194m-[38;2;189;190;194m-[38;2;160;166;175m=[38;2;190;193;195m-[38;2;192;194;197m-[0m
[38;2;140;142;148m=[38;2;129;128;129m+[38;2;84;85;89m*[38;2;123;124;129m+[38;2;105;106;112m*[38;2;113;114;121m+[38;2;118;123;131m+[38;2;89;91;97m*[38;2;87;90;98m*[38;2;88;94;102m*[38;2;135;139;145m+[38;2;181;182;184m-[38;2;129;135;143m+[38;2;85;90;101m*[38;2;190;183;174m-[38;2;150;141;136m=[38;2;129;124;113m+[38;2;129;128;125m+[38;2;112;114;128m+[38;2;128;126;123m+[38;2;193;186;179m-[38;2;100;89;86m*[38;2;44;32;41m%[38;2;40;30;38m%[38;2;39;31;38m%[38;2;43;33;39m%[38;2;41;38;42m%[38;2;42;39;42m%[38;2;42;37;42m%[38;2;35;33;39m%[38;2;32;29;35m%[38;2;47;42;49m%[38;2;46;40;51m%[38;2;43;39;49m%[38;2;40;39;45m%[38;2;41;40;46m%[38;2;42;38;44m%[38;2;42;37;43m%[38;2;42;37;42m%[38;2;42;37;43m%[38;2;42;37;43m%[38;2;42;37;43m%[38;2;42;37;43m%[38;2;40;36;41m%[38;2;37;35;38m%[38;2;36;35;38m%[38;2;35;33;39m%[38;2;35;32;38m%[38;2;43;37;47m%[38;2;46;40;49m%[38;2;40;35;40m%[38;2;37;34;38m%[38;2;50;45;54m%[38;2;41;37;43m%[38;2;39;37;42m%[38;2;39;37;39m%[38;2;39;37;38m%[38;2;37;34;37m%[38;2;36;32;38m%[38;2;37;35;40m%[38;2;41;36;42m%[38;2;42;37;43m%[38;2;40;35;41m%[38;2;40;35;41m%[38;2;42;37;43m%[38;2;44;39;45m%[38;2;45;40;46m%[38;2;46;41;47m%[38;2;46;42;48m%[38;2;46;45;50m%[38;2;35;36;40m%[38;2;19;20;24m@[38;2;25;26;30m@[38;2;38;39;43m%[38;2;47;43;49m%[38;2;44;39;45m%[38;2;39;39;42m%[38;2;36;37;40m%[38;2;34;35;38m%[38;2;33;34;38m%[38;2;37;38;41m%[38;2;47;47;51m%[38;2;89;90;98m*[38;2;118;122;135m+[38;2;126;132;143m+[38;2;137;142;155m=[38;2;152;157;170m=[38;2;129;132;145m+[38;2;184;187;198m-[38;2;184;188;198m-[38;2;184;187;198m-[38;2;185;188;197m-[38;2;185;188;196m-[38;2;185;188;196m-[38;2;184;186;195m-[38;2;183;185;193m-[38;2;173;176;185m-[38;2;148;154;161m=[38;2;183;189;192m-[38;2;186;190;194m-[0m
[38;2;137;143;156m=[38;2;176;178;183m-[38;2;129;130;133m+[38;2;151;153;158m=[38;2;68;70;75m#[38;2;96;98;107m*[38;2;122;125;134m+[38;2;117;120;130m+[38;2;58;62;72m#[38;2;110;114;124m+[38;2;174;177;179m-[38;2;155;158;160m=[38;2;102;109;119m*[38;2;95;100;109m*[38;2;173;169;165m=[38;2;177;173;177m-[38;2;121;122;134m+[38;2;116;117;122m+[38;2;107;117;121m+[38;2;146;148;139m=[38;2;154;149;144m=[38;2;45;35;41m%[38;2;42;32;39m%[38;2;39;29;37m%[38;2;39;30;38m%[38;2;40;34;39m%[38;2;40;36;40m%[38;2;40;38;41m%[38;2;40;37;41m%[38;2;36;35;38m%[38;2;29;30;32m%[38;2;40;36;42m%[38;2;46;39;49m%[38;2;43;40;47m%[38;2;40;39;45m%[38;2;39;38;44m%[38;2;39;38;43m%[38;2;40;36;42m%[38;2;42;36;42m%[38;2;41;36;42m%[38;2;41;36;42m%[38;2;40;35;41m%[38;2;40;34;40m%[38;2;38;34;38m%[38;2;39;33;38m%[38;2;36;33;36m%[38;2;34;33;37m%[38;2;33;32;38m%[38;2;38;35;42m%[38;2;47;41;49m%[38;2;39;35;39m%[38;2;40;38;41m%[38;2;43;40;46m%[38;2;41;39;43m%[38;2;40;38;42m%[38;2;38;36;41m%[38;2;36;34;37m%[38;2;37;35;36m%[38;2;36;34;36m%[38;2;36;34;38m%[38;2;41;36;42m%[38;2;44;39;45m%[38;2;42;37;43m%[38;2;39;34;40m%[38;2;40;35;41m%[38;2;43;38;44m%[38;2;43;38;44m%[38;2;44;39;45m%[38;2;45;42;47m%[38;2;45;46;50m%[38;2;39;40;45m%[38;2;16;17;21m@[38;2;25;26;30m@[38;2;34;34;38m%[38;2;41;39;44m%[38;2;36;37;41m%[38;2;32;33;36m%[38;2;29;30;33m%[38;2;27;28;31m@[38;2;29;30;32m%[38;2;33;34;36m%[38;2;38;37;41m%[38;2;46;45;51m%[38;2;127;130;140m+[38;2;120;126;140m+[38;2;142;148;162m=[38;2;149;155;169m=[38;2;130;135;148m+[38;2;153;158;170m=[38;2;167;171;181m-[38;2;176;180;191m-[38;2;187;191;202m-[38;2;187;191;202m-[38;2;186;190;202m-[38;2;186;190;201m-[38;2;176;181;191m-[38;2;152;158;171m=[38;2;123;133;146m+[38;2;122;132;147m+[38;2;150;158;171m=[0m
[38;2;167;165;163m=[38;2;134;138;145m+[38;2;114;121;132m+[38;2;95;100;108m*[38;2;90;94;100m*[38;2;29;31;34m%[38;2;46;49;56m%[38;2;94;99;114m*[38;2;89;93;106m*[38;2;153;156;162m=[38;2;201;202;201m:[38;2;134;139;145m+[38;2;96;102;114m*[38;2;94;102;115m*[38;2;105;112;124m*[38;2;131;131;139m+[38;2;169;169;164m=[38;2;106;117;124m+[38;2;184;181;169m-[38;2;183;181;172m-[38;2;84;81;86m#[38;2;34;31;40m%[38;2;36;30;37m%[38;2;35;29;36m%[38;2;37;32;38m%[38;2;40;34;40m%[38;2;41;36;40m%[38;2;40;38;41m%[38;2;37;36;39m%[38;2;34;34;36m%[38;2;26;27;29m@[38;2;29;25;30m@[38;2;45;38;49m%[38;2;43;38;48m%[38;2;43;38;47m%[38;2;39;38;44m%[38;2;38;37;43m%[38;2;39;36;42m%[38;2;40;35;42m%[38;2;38;35;41m%[38;2;40;35;41m%[38;2;40;35;41m%[38;2;39;34;39m%[38;2;39;34;38m%[38;2;36;32;36m%[38;2;34;32;36m%[38;2;33;32;38m%[38;2;32;31;37m%[38;2;33;31;37m%[38;2;52;49;62m%[38;2;34;33;37m%[38;2;39;39;44m%[38;2;43;41;47m%[38;2;42;39;45m%[38;2;40;36;42m%[38;2;38;36;39m%[38;2;34;33;35m%[38;2;34;32;36m%[38;2;34;30;36m%[38;2;35;30;36m%[38;2;37;32;38m%[38;2;43;38;44m%[38;2;46;41;47m%[38;2;41;36;42m%[38;2;38;33;39m%[38;2;38;34;40m%[38;2;38;37;41m%[38;2;39;39;43m%[38;2;41;41;45m%[38;2;45;44;48m%[38;2;40;41;45m%[38;2;15;16;18m@[38;2;23;24;27m@[38;2;28;29;33m%[38;2;30;31;35m%[38;2;29;30;33m%[38;2;24;25;28m@[38;2;22;23;26m@[38;2;27;28;31m@[38;2;30;31;33m%[38;2;31;32;34m%[38;2;33;33;36m%[38;2;37;37;40m%[38;2;113;116;123m+[38;2;135;141;153m+[38;2;149;154;166m=[38;2;138;145;159m=[38;2;136;143;159m=[38;2;107;116;130m+[38;2;117;125;138m+[38;2;151;156;169m=[38;2;181;186;198m-[38;2;171;176;189m-[38;2;141;147;164m=[38;2;136;143;160m=[38;2;141;150;166m=[38;2;147;156;173m=[38;2;108;119;135m+[38;2;100;110;127m*[38;2;112;125;144m+[0m
[38;2;251;243;232m.[38;2;246;240;230m.[38;2;152;158;169m=[38;2;133;144;160m=[38;2;112;121;137m+[38;2;82;88;97m*[38;2;41;44;49m%[38;2;68;72;81m#[38;2;92;95;105m*[38;2;194;195;196m-[38;2;157;162;168m=[38;2;141;146;156m=[38;2;92;100;111m*[38;2;78;86;95m*[38;2;160;163;163m=[38;2;171;172;171m-[38;2;118;126;140m+[38;2;118;124;135m+[38;2;150;154;158m=[38;2;142;144;148m=[38;2;38;36;41m%[38;2;31;29;35m%[38;2;31;28;34m%[38;2;32;30;34m%[38;2;36;32;38m%[38;2;38;33;42m%[38;2;37;36;38m%[38;2;37;36;39m%[38;2;34;34;37m%[38;2;29;30;32m%[38;2;23;24;26m@[38;2;24;22;27m@[38;2;42;38;47m%[38;2;38;36;43m%[38;2;39;37;43m%[38;2;39;38;44m%[38;2;37;36;42m%[38;2;37;35;41m%[38;2;38;36;42m%[38;2;38;35;41m%[38;2;39;34;40m%[38;2;38;33;39m%[38;2;38;33;38m%[38;2;37;32;36m%[38;2;36;31;36m%[38;2;35;30;36m%[38;2;35;30;37m%[38;2;32;31;37m%[38;2;32;31;37m%[38;2;45;43;52m%[38;2;33;32;34m%[38;2;36;35;40m%[38;2;39;38;43m%[38;2;39;39;43m%[38;2;39;37;42m%[38;2;37;36;39m%[38;2;35;32;38m%[38;2;33;30;37m%[38;2;32;28;35m%[38;2;33;28;34m%[38;2;33;28;34m%[38;2;38;34;39m%[38;2;44;41;45m%[38;2;44;40;45m%[38;2;37;34;38m%[38;2;33;34;38m%[38;2;35;35;38m%[38;2;36;37;40m%[38;2;39;40;42m%[38;2;44;45;48m%[38;2;39;40;44m%[38;2;13;14;15m@[38;2;16;18;20m@[38;2;19;22;24m@[38;2;19;22;24m@[38;2;16;19;20m@[38;2;17;19;21m@[38;2;24;25;27m@[38;2;25;26;28m@[38;2;23;24;26m@[38;2;22;23;25m@[38;2;23;24;26m@[38;2;26;26;28m@[38;2;51;52;59m%[38;2;110;115;127m+[38;2;138;143;157m=[38;2;103;111;124m*[38;2;98;106;121m*[38;2;99;108;125m*[38;2;101;111;125m*[38;2;102;113;128m*[38;2;93;106;123m*[38;2;123;135;156m+[38;2;134;145;166m=[38;2;115;129;149m+[38;2;108;122;143m+[38;2;92;106;126m*[38;2;82;95;112m*[38;2;70;84;101m#[38;2;75;90;109m*[0m
[38;2;238;233;227m.[38;2;252;244;233m.[38;2;170;177;187m-[38;2;139;152;172m=[38;2;138;150;169m=[38;2;131;144;161m=[38;2;136;149;167m=[38;2;120;130;145m+[38;2;89;93;103m*[38;2;138;143;148m=[38;2;122;124;128m+[38;2;142;140;138m+[38;2;79;83;92m#[38;2;162;164;168m=[38;2;85;92;102m*[38;2;84;88;96m*[38;2;127;129;132m+[38;2;177;175;168m-[38;2;196;194;182m-[38;2;121;118;118m+[38;2;31;28;35m%[38;2;30;28;33m%[38;2;30;29;34m%[38;2;32;30;36m%[38;2;38;30;40m%[38;2;37;31;42m%[38;2;36;36;38m%[38;2;35;34;37m%[38;2;30;30;32m%[38;2;26;27;29m@[38;2;22;23;25m@[38;2;20;20;24m@[38;2;40;37;46m%[38;2;35;35;42m%[38;2;35;35;41m%[38;2;36;36;42m%[38;2;36;35;41m%[38;2;36;35;41m%[38;2;35;34;40m%[38;2;37;34;40m%[38;2;37;34;40m%[38;2;37;32;38m%[38;2;37;32;37m%[38;2;36;31;36m%[38;2;34;30;35m%[38;2;34;30;37m%[38;2;36;31;37m%[38;2;33;31;37m%[38;2;32;31;37m%[38;2;32;31;36m%[38;2;31;32;35m%[38;2;33;34;37m%[38;2;36;37;41m%[38;2;38;39;43m%[38;2;37;38;42m%[38;2;35;37;41m%[38;2;34;35;40m%[38;2;34;35;39m%[38;2;34;32;36m%[38;2;30;29;33m%[38;2;28;28;30m@[38;2;31;31;32m%[38;2;39;36;40m%[38;2;46;42;47m%[38;2;39;37;40m%[38;2;31;32;34m%[38;2;32;33;35m%[38;2;35;36;39m%[38;2;38;39;43m%[38;2;43;43;47m%[38;2;43;43;49m%[38;2;9;12;14m@[38;2;9;13;14m@[38;2;10;13;15m@[38;2;12;14;16m@[38;2;16;17;20m@[38;2;16;18;20m@[38;2;15;17;19m@[38;2;14;17;19m@[38;2;16;17;19m@[38;2;15;16;18m@[38;2;15;17;19m@[38;2;15;17;19m@[38;2;20;22;24m@[38;2;76;79;89m#[38;2;73;77;90m#[38;2;84;90;103m*[38;2;101;112;129m*[38;2;125;138;157m+[38;2;135;149;169m=[38;2;127;141;161m+[38;2;108;123;142m+[38;2;126;141;160m+[38;2;125;140;160m+[38;2;111;126;149m+[38;2;112;127;147m+[38;2;116;131;150m+[38;2;99;110;128m*[38;2;99;114;133m*[38;2;82;98;120m*[0m
[38;2;161;164;175m=[38;2;217;211;204m:[38;2;176;181;186m-[38;2;127;139;157m+[38;2;126;138;158m+[38;2;108;121;137m+[38;2;111;122;137m+[38;2;45;50;57m%[38;2;58;61;69m#[38;2;117;118;122m+[38;2;194;192;187m-[38;2;117;119;121m+[38;2;116;120;126m+[38;2;134;135;138m+[38;2;96;99;104m*[38;2;170;170;162m=[38;2;140;143;138m=[38;2;148;151;144m=[38;2;135;135;131m+[38;2;56;54;57m%[38;2;34;31;37m%[38;2;32;30;36m%[38;2;30;28;34m%[38;2;32;30;35m%[38;2;36;30;37m%[38;2;35;33;38m%[38;2;34;33;37m%[38;2;31;30;34m%[38;2;25;25;28m@[38;2;23;24;26m@[38;2;21;22;24m@[38;2;21;22;24m@[38;2;36;35;40m%[38;2;33;32;41m%[38;2;33;32;41m%[38;2;35;34;40m%[38;2;36;35;41m%[38;2;37;34;40m%[38;2;36;34;40m%[38;2;35;34;40m%[38;2;35;34;40m%[38;2;37;34;39m%[38;2;36;32;37m%[38;2;34;30;35m%[38;2;33;29;35m%[38;2;31;30;36m%[38;2;32;31;37m%[38;2;32;31;37m%[38;2;32;31;37m%[38;2;32;31;36m%[38;2;32;31;36m%[38;2;32;32;37m%[38;2;35;36;40m%[38;2;38;38;42m%[38;2;35;35;41m%[38;2;35;37;41m%[38;2;34;36;40m%[38;2;32;36;38m%[38;2;31;34;35m%[38;2;31;33;33m%[38;2;28;32;33m%[38;2;29;30;31m%[38;2;34;33;35m%[38;2;41;41;44m%[38;2;42;42;46m%[38;2;33;33;37m%[38;2;31;32;34m%[38;2;33;34;36m%[38;2;36;37;39m%[38;2;42;43;47m%[38;2;48;48;54m%[38;2;10;12;14m@[38;2;8;11;12m@[38;2;11;14;15m@[38;2;14;16;18m@[38;2;16;18;19m@[38;2;19;20;22m@[38;2;21;22;24m@[38;2;22;23;25m@[38;2;22;23;25m@[38;2;22;23;25m@[38;2;21;22;24m@[38;2;21;22;24m@[38;2;20;22;24m@[38;2;47;49;55m%[38;2;109;115;133m+[38;2;81;90;109m*[38;2;101;115;134m*[38;2;106;120;140m+[38;2;122;137;159m+[38;2;129;143;168m=[38;2;114;128;152m+[38;2;111;126;146m+[38;2;129;144;163m=[38;2;121;136;157m+[38;2;114;129;152m+[38;2;100;115;137m*[38;2;86;98;116m*[38;2;84;96;112m*[38;2;77;90;107m*[0m
[38;2;114;118;126m+[38;2;137;142;150m+[38;2;117;123;132m+[38;2;130;139;153m+[38;2;97;106;121m*[38;2;72;79;92m#[38;2;59;65;75m#[38;2;45;48;55m%[38;2;47;49;55m%[38;2;107;108;109m*[38;2;159;158;159m=[38;2;85;91;98m*[38;2;121;123;126m+[38;2;107;105;108m*[38;2;217;209;205m:[38;2;227;218;217m:[38;2;193;189;187m-[38;2;216;211;208m:[38;2;212;206;202m:[38;2;37;34;42m%[38;2;34;33;41m%[38;2;34;32;40m%[38;2;31;31;41m%[38;2;28;28;34m%[38;2;23;24;26m@[38;2;22;23;25m@[38;2;22;23;25m@[38;2;23;24;26m@[38;2;22;23;25m@[38;2;19;20;22m@[38;2;19;20;22m@[38;2;19;20;22m@[38;2;37;36;39m%[38;2;32;31;36m%[38;2;29;30;34m%[38;2;33;31;37m%[38;2;35;33;39m%[38;2;35;34;40m%[38;2;35;35;40m%[38;2;35;35;40m%[38;2;35;34;39m%[38;2;35;34;39m%[38;2;34;33;38m%[38;2;32;31;36m%[38;2;32;29;35m%[38;2;31;29;35m%[38;2;31;30;36m%[38;2;31;30;35m%[38;2;31;30;35m%[38;2;30;29;34m%[38;2;31;30;35m%[38;2;31;30;35m%[38;2;31;31;35m%[38;2;36;36;41m%[38;2;37;35;42m%[38;2;35;33;44m%[38;2;35;35;41m%[38;2;33;36;38m%[38;2;31;35;36m%[38;2;32;33;36m%[38;2;31;34;36m%[38;2;28;32;33m%[38;2;29;32;34m%[38;2;34;37;39m%[38;2;43;44;46m%[38;2;37;38;41m%[38;2;31;32;34m%[38;2;32;33;35m%[38;2;35;35;38m%[38;2;40;40;45m%[38;2;46;46;51m%[38;2;17;19;22m@[38;2;11;14;15m@[38;2;13;16;18m@[38;2;16;18;20m@[38;2;20;21;23m@[38;2;24;26;27m@[38;2;28;29;32m%[38;2;31;31;35m%[38;2;33;33;37m%[38;2;32;33;37m%[38;2;33;34;38m%[38;2;33;34;38m%[38;2;31;31;36m%[38;2;34;35;39m%[38;2;104;111;128m*[38;2;99;110;130m*[38;2;113;125;144m+[38;2;110;124;145m+[38;2;122;137;160m+[38;2;129;144;169m=[38;2;130;144;170m=[38;2;106;120;141m+[38;2;103;116;133m+[38;2;122;136;155m+[38;2;111;126;145m+[38;2;109;123;143m+[38;2;82;95;112m*[38;2;80;93;110m*[38;2;103;115;134m+[0m
[38;2;122;133;149m+[38;2;98;106;120m*[38;2;80;89;101m*[38;2;102;112;128m*[38;2;102;112;128m*[38;2;91;97;108m*[38;2;54;57;63m#[38;2;52;55;64m%[38;2;84;87;94m*[38;2;138;141;148m+[38;2;87;91;99m*[38;2;73;74;81m#[38;2;108;103;102m*[38;2;214;206;203m:[38;2;219;210;207m:[38;2;192;187;182m-[38;2;182;180;171m-[38;2;184;182;178m-[38;2;178;174;171m-[38;2;38;33;44m%[38;2;35;32;45m%[38;2;34;33;45m%[38;2;32;31;42m%[38;2;32;31;39m%[38;2;30;31;36m%[38;2;26;27;31m@[38;2;23;24;28m@[38;2;20;22;24m@[38;2;18;19;21m@[38;2;16;17;19m@[38;2;16;17;19m@[38;2;16;17;19m@[38;2;33;32;35m%[38;2;31;29;33m%[38;2;28;29;33m%[38;2;31;31;35m%[38;2;33;32;37m%[38;2;34;34;39m%[38;2;36;36;42m%[38;2;34;35;40m%[38;2;34;33;39m%[38;2;33;33;40m%[38;2;33;33;39m%[38;2;31;32;37m%[38;2;30;31;35m%[38;2;31;29;34m%[38;2;31;28;33m%[38;2;30;31;35m%[38;2;30;31;35m%[38;2;30;29;34m%[38;2;30;28;33m%[38;2;29;28;33m%[38;2;30;30;35m%[38;2;33;33;41m%[38;2;37;36;44m%[38;2;35;35;41m%[38;2;35;35;40m%[38;2;34;35;39m%[38;2;34;35;39m%[38;2;34;35;40m%[38;2;32;32;37m%[38;2;30;31;35m%[38;2;29;31;34m%[38;2;32;33;37m%[38;2;37;38;42m%[38;2;42;43;47m%[38;2;36;37;39m%[38;2;32;33;35m%[38;2;33;34;36m%[38;2;39;39;44m%[38;2;42;41;47m%[38;2;19;20;23m@[38;2;9;11;12m@[38;2;10;12;12m@[38;2;13;15;16m@[38;2;15;17;19m@[38;2;16;18;20m@[38;2;19;21;23m@[38;2;20;23;25m@[38;2;24;27;28m@[38;2;28;29;33m%[38;2;33;33;37m%[38;2;35;35;39m%[38;2;32;33;36m%[38;2;33;34;36m%[38;2;102;108;122m*[38;2;123;137;157m+[38;2;126;140;159m+[38;2;98;113;132m*[38;2;112;127;149m+[38;2;129;144;169m=[38;2;130;146;171m=[38;2;132;148;172m=[38;2;84;96;115m*[38;2;120;134;151m+[38;2;128;143;161m+[38;2;118;132;150m+[38;2;62;74;89m#[38;2;91;104;121m*[38;2;118;134;153m+[0m
[38;2;118;129;148m+[38;2;82;92;105m*[38;2;82;93;107m*[38;2;107;119;139m+[38;2;105;118;138m+[38;2;76;84;96m#[38;2;49;52;57m%[38;2;37;39;41m%[38;2;63;66;74m#[38;2;79;84;93m#[38;2;57;60;64m#[38;2;103;105;112m*[38;2;163;168;176m=[38;2;153;160;171m=[38;2;143;145;150m=[38;2;155;149;152m=[38;2;160;153;151m=[38;2;195;188;186m-[38;2;197;190;182m-[38;2;61;57;62m#[38;2;31;31;39m%[38;2;31;33;40m%[38;2;34;34;44m%[38;2;34;34;44m%[38;2;32;32;41m%[38;2;29;29;37m%[38;2;27;27;35m@[38;2;25;27;32m@[38;2;20;23;26m@[38;2;16;18;21m@[38;2;13;14;17m@[38;2;14;15;19m@[38;2;25;26;29m@[38;2;30;31;33m%[38;2;28;29;32m%[38;2;27;28;32m@[38;2;28;31;34m%[38;2;31;32;36m%[38;2;32;33;37m%[38;2;34;34;39m%[38;2;32;33;40m%[38;2;31;32;39m%[38;2;31;32;37m%[38;2;30;31;35m%[38;2;28;29;33m%[38;2;30;31;35m%[38;2;29;30;32m%[38;2;27;28;30m@[38;2;28;29;32m%[38;2;28;29;32m%[38;2;28;28;33m%[38;2;27;26;32m@[38;2;26;26;31m@[38;2;28;29;34m%[38;2;33;34;40m%[38;2;35;34;43m%[38;2;34;33;41m%[38;2;34;33;40m%[38;2;34;33;39m%[38;2;34;34;39m%[38;2;33;33;40m%[38;2;31;32;39m%[38;2;30;31;37m%[38;2;31;32;36m%[38;2;35;36;40m%[38;2;39;40;44m%[38;2;39;40;44m%[38;2;34;35;39m%[38;2;35;36;39m%[38;2;38;39;42m%[38;2;37;38;42m%[38;2;19;20;23m@[38;2;9;10;12m@[38;2;13;14;16m@[38;2;16;17;19m@[38;2;18;19;21m@[38;2;19;20;22m@[38;2;21;22;25m@[38;2;26;26;29m@[38;2;26;26;29m@[38;2;24;24;27m@[38;2;24;25;27m@[38;2;31;31;34m%[38;2;34;35;38m%[38;2;37;38;40m%[38;2;87;93;106m*[38;2;122;136;156m+[38;2;106;121;140m+[38;2;124;139;158m+[38;2;143;157;178m=[38;2;134;149;173m=[38;2;131;146;170m=[38;2;128;143;167m+[38;2;113;128;148m+[38;2;139;153;172m=[38;2;95;109;125m*[38;2;84;96;112m*[38;2;98;111;130m*[38;2;96;110;129m*[38;2;93;106;123m*[0m
[38;2;107;117;135m+[38;2;121;132;150m+[38;2;105;115;132m+[38;2;94;102;118m*[38;2;115;125;144m+[38;2;61;71;86m#[38;2;98;110;127m*[38;2;64;72;83m#[38;2;77;83;95m#[38;2;100;109;123m*[38;2;103;111;127m*[38;2;101;106;119m*[38;2;92;94;100m*[38;2;99;97;100m*[38;2;145;138;136m+[38;2;194;184;177m-[38;2;185;174;172m-[38;2;183;173;160m-[38;2;208;197;188m:[38;2;79;76;77m#[38;2;25;26;31m@[38;2;27;29;34m%[38;2;29;31;36m%[38;2;31;32;39m%[38;2;31;31;40m%[38;2;29;29;38m%[38;2;26;27;33m@[38;2;22;23;28m@[38;2;16;18;22m@[38;2;15;17;21m@[38;2;12;14;18m@[38;2;11;14;18m@[38;2;20;21;25m@[38;2;30;32;36m%[38;2;26;29;32m@[38;2;23;26;30m@[38;2;25;26;30m@[38;2;27;28;32m@[38;2;29;30;35m%[38;2;31;32;37m%[38;2;31;32;37m%[38;2;32;32;37m%[38;2;31;30;36m%[38;2;30;30;36m%[38;2;30;29;35m%[38;2;30;29;34m%[38;2;29;29;32m%[38;2;28;28;31m@[38;2;27;27;31m@[38;2;27;27;32m@[38;2;26;27;32m@[38;2;26;26;31m@[38;2;25;26;31m@[38;2;26;27;32m@[38;2;28;29;33m%[38;2;33;34;39m%[38;2;33;34;39m%[38;2;31;32;36m%[38;2;31;32;37m%[38;2;32;33;38m%[38;2;31;31;41m%[38;2;30;31;38m%[38;2;32;32;37m%[38;2;28;29;33m%[38;2;28;29;33m%[38;2;34;34;39m%[38;2;38;39;43m%[38;2;35;36;39m%[38;2;34;35;38m%[38;2;37;38;40m%[38;2;33;34;38m%[38;2;11;12;15m@[38;2;8;9;12m@[38;2;14;15;17m@[38;2;18;19;21m@[38;2;22;23;25m@[38;2;23;24;26m@[38;2;25;25;28m@[38;2;28;27;32m@[38;2;32;31;36m%[38;2;31;31;34m%[38;2;29;29;32m%[38;2;27;28;30m@[38;2;26;27;29m@[38;2;31;31;33m%[38;2;85;93;104m*[38;2;108;121;139m+[38;2;105;120;138m+[38;2;122;137;156m+[38;2;134;149;169m=[38;2;141;156;175m=[38;2;151;166;186m=[38;2;142;157;177m=[38;2;109;124;146m+[38;2;132;145;165m=[38;2;123;138;157m+[38;2;82;97;110m*[38;2;87;101;119m*[38;2;127;142;165m+[38;2;133;148;170m=[0m
[38;2;112;124;142m+[38;2;125;136;155m+[38;2;129;141;158m+[38;2;87;94;108m*[38;2;110;118;132m+[38;2;56;63;73m#[38;2;49;56;65m%[38;2;68;76;91m#[38;2;121;132;149m+[38;2;94;100;113m*[38;2;105;105;109m*[38;2;168;166;164m=[38;2;183;180;176m-[38;2;178;173;169m-[38;2;191;185;180m-[38;2;188;179;175m-[38;2;153;147;144m=[38;2;180;172;167m-[38;2;193;186;182m-[38;2;109;108;112m*[38;2;19;22;27m@[38;2;24;27;33m@[38;2;27;29;35m%[38;2;27;30;35m%[38;2;26;28;35m@[38;2;24;25;35m@[38;2;23;25;35m@[38;2;21;24;30m@[38;2;18;21;25m@[38;2;13;17;20m@[38;2;9;13;16m@[38;2;8;10;13m@[38;2;16;16;20m@[38;2;31;30;35m%[38;2;29;29;34m%[38;2;26;27;31m@[38;2;24;25;29m@[38;2;26;27;31m@[38;2;27;28;32m@[38;2;29;30;34m%[38;2;30;31;36m%[38;2;31;32;37m%[38;2;31;32;37m%[38;2;31;31;36m%[38;2;29;30;34m%[38;2;28;28;31m%[38;2;27;28;31m@[38;2;27;27;30m@[38;2;27;28;31m@[38;2;26;27;31m@[38;2;26;27;32m@[38;2;27;28;32m@[38;2;27;28;31m@[38;2;27;28;31m@[38;2;30;31;34m%[38;2;31;32;35m%[38;2;32;33;37m%[38;2;33;34;38m%[38;2;31;33;37m%[38;2;32;34;39m%[38;2;33;35;41m%[38;2;32;34;42m%[38;2;32;33;39m%[38;2;32;33;36m%[38;2;27;28;31m@[38;2;26;27;30m@[38;2;34;35;38m%[38;2;34;35;38m%[38;2;33;34;36m%[38;2;35;36;38m%[38;2;26;27;31m@[38;2;3;4;8m@[38;2;7;8;11m@[38;2;9;10;12m@[38;2;14;15;17m@[38;2;21;22;24m@[38;2;27;28;30m@[38;2;29;30;32m%[38;2;28;28;31m%[38;2;28;28;31m%[38;2;28;28;30m@[38;2;29;29;31m%[38;2;29;30;32m%[38;2;32;33;35m%[38;2;32;33;35m%[38;2;92;98;110m*[38;2;130;143;160m+[38;2;86;100;117m*[38;2;143;158;179m=[38;2;142;157;180m=[38;2;138;153;175m=[38;2;132;147;167m=[38;2;143;158;179m=[38;2;136;150;173m=[38;2;137;152;175m=[38;2;129;144;164m=[38;2;67;81;95m#[38;2;81;94;111m*[38;2;129;144;167m=[38;2;111;125;145m+[0m
[38;2;85;95;111m*[38;2;99;110;126m*[38;2;117;128;146m+[38;2;118;130;147m+[38;2;112;122;138m+[38;2;134;144;162m=[38;2;138;149;167m=[38;2;88;97;111m*[38;2;35;38;41m%[38;2;46;44;43m%[38;2;125;120;116m+[38;2;148;143;140m=[38;2;177;171;168m-[38;2;171;165;162m=[38;2;177;170;167m-[38;2;172;166;165m=[38;2;177;174;175m-[38;2;187;186;190m-[38;2;181;182;188m-[38;2;144;146;157m=[38;2;27;30;39m%[38;2;29;31;41m%[38;2;30;30;40m%[38;2;27;28;38m%[38;2;26;27;37m@[38;2;25;25;35m@[38;2;23;24;32m@[38;2;21;22;27m@[38;2;18;19;23m@[38;2;14;15;19m@[38;2;12;13;17m@[38;2;9;10;14m@[38;2;15;15;19m@[38;2;30;30;35m%[38;2;30;31;36m%[38;2;26;27;31m@[38;2;23;24;29m@[38;2;29;30;35m%[38;2;28;29;34m%[38;2;32;33;37m%[38;2;32;33;38m%[38;2;33;34;38m%[38;2;34;35;39m%[38;2;33;34;38m%[38;2;33;34;38m%[38;2;30;31;34m%[38;2;28;29;31m%[38;2;27;28;30m@[38;2;26;27;30m@[38;2;26;27;31m@[38;2;27;28;32m@[38;2;28;29;32m%[38;2;28;29;31m%[38;2;28;29;31m%[38;2;28;29;31m%[38;2;30;31;34m%[38;2;32;33;37m%[38;2;33;34;38m%[38;2;32;33;37m%[38;2;33;34;38m%[38;2;33;34;38m%[38;2;34;35;39m%[38;2;34;35;39m%[38;2;33;34;37m%[38;2;32;33;35m%[38;2;27;28;30m@[38;2;28;29;32m%[38;2;31;32;35m%[38;2;31;32;35m%[38;2;33;34;37m%[38;2;22;23;27m@[38;2;3;4;7m@[38;2;13;14;17m@[38;2;19;20;22m@[38;2;19;20;22m@[38;2;17;18;20m@[38;2;19;20;22m@[38;2;25;26;28m@[38;2;32;33;37m%[38;2;36;37;41m%[38;2;33;34;37m%[38;2;32;33;36m%[38;2;30;31;34m%[38;2;31;32;35m%[38;2;38;40;44m%[38;2;119;129;145m+[38;2;127;140;157m+[38;2;120;133;151m+[38;2;143;157;175m=[38;2;149;163;182m=[38;2;138;153;174m=[38;2;139;154;174m=[38;2;129;144;165m=[38;2;109;125;143m+[38;2;122;137;156m+[38;2;136;151;172m=[38;2;110;125;144m+[38;2;68;83;99m#[38;2;108;122;142m+[38;2;122;137;157m+[0m
[38;2;80;89;102m*[38;2;118;128;144m+[38;2;126;137;155m+[38;2;120;132;150m+[38;2;104;115;132m*[38;2;90;99;117m*[38;2;104;114;131m*[38;2;39;44;54m%[38;2;38;38;42m%[38;2;107;104;101m*[38;2;183;180;175m-[38;2;174;173;169m-[38;2;163;161;160m=[38;2;170;170;169m-[38;2;141;141;143m+[38;2;178;178;181m-[38;2;158;160;165m=[38;2;175;180;189m-[38;2;162;169;183m=[38;2;160;168;182m=[38;2;74;78;88m#[38;2;31;32;39m%[38;2;29;31;37m%[38;2;29;30;36m%[38;2;29;30;37m%[38;2;28;28;38m%[38;2;27;28;34m@[38;2;25;26;32m@[38;2;23;24;29m@[38;2;19;20;25m@[38;2;13;15;18m@[38;2;11;12;16m@[38;2;8;9;13m@[38;2;27;27;32m@[38;2;31;30;35m%[38;2;23;24;29m@[38;2;27;28;32m@[38;2;31;32;37m%[38;2;32;33;38m%[38;2;33;34;38m%[38;2;33;34;38m%[38;2;33;34;38m%[38;2;34;35;39m%[38;2;34;35;39m%[38;2;34;35;38m%[38;2;32;33;36m%[38;2;30;31;34m%[38;2;26;27;31m@[38;2;26;27;31m@[38;2;27;28;32m@[38;2;27;28;32m@[38;2;27;28;30m@[38;2;28;29;31m%[38;2;28;29;31m%[38;2;29;30;32m%[38;2;30;31;33m%[38;2;31;32;35m%[38;2;32;33;37m%[38;2;33;34;38m%[38;2;33;34;38m%[38;2;33;34;38m%[38;2;33;34;38m%[38;2;33;34;38m%[38;2;33;34;38m%[38;2;32;33;37m%[38;2;33;34;36m%[38;2;27;28;31m@[38;2;29;30;34m%[38;2;30;31;35m%[38;2;32;33;37m%[38;2;18;19;22m@[38;2;8;9;11m@[38;2;11;12;14m@[38;2;16;17;19m@[38;2;19;20;22m@[38;2;21;22;24m@[38;2;22;23;25m@[38;2;24;25;28m@[38;2;26;27;30m@[38;2;28;29;32m%[38;2;32;33;36m%[38;2;34;35;39m%[38;2;36;37;41m%[38;2;37;38;42m%[38;2;85;94;105m*[38;2;128;141;158m+[38;2;145;158;176m=[38;2;115;128;146m+[38;2;137;150;167m=[38;2;148;161;180m=[38;2;151;166;185m=[38;2;113;128;147m+[38;2;126;141;159m+[38;2;127;142;162m+[38;2;83;97;116m*[38;2;107;122;143m+[38;2;69;83;100m#[38;2;59;73;89m#[38;2;106;121;141m+[38;2;109;125;146m+[0m
[38;2;74;83;98m#[38;2;151;162;182m=[38;2;141;154;172m=[38;2;130;143;162m+[38;2;120;132;150m+[38;2;93;104;122m*[38;2;92;103;120m*[38;2;36;41;51m%[38;2;41;43;49m%[38;2;92;95;103m*[38;2;137;143;159m=[38;2;131;138;153m+[38;2;106;113;125m*[38;2;141;147;159m=[38;2;111;116;127m+[38;2;120;125;138m+[38;2;140;145;159m=[38;2;149;156;170m=[38;2;168;174;189m-[38;2;157;164;180m=[38;2;121;130;148m+[38;2;77;84;100m#[38;2;32;34;41m%[38;2;29;32;39m%[38;2;31;33;40m%[38;2;29;30;38m%[38;2;26;27;34m@[38;2;25;26;33m@[38;2;20;21;27m@[38;2;14;17;21m@[38;2;9;13;16m@[38;2;9;11;15m@[38;2;6;9;12m@[38;2;16;17;21m@[38;2;30;30;36m%[38;2;25;26;31m@[38;2;30;31;36m%[38;2;30;31;36m%[38;2;33;34;38m%[38;2;33;34;38m%[38;2;34;35;39m%[38;2;34;35;38m%[38;2;34;35;39m%[38;2;34;35;38m%[38;2;34;35;38m%[38;2;34;35;40m%[38;2;33;34;38m%[38;2;28;29;34m%[38;2;27;28;32m@[38;2;27;28;32m@[38;2;26;27;29m@[38;2;27;28;30m@[38;2;28;29;31m%[38;2;28;29;31m%[38;2;29;30;32m%[38;2;30;31;33m%[38;2;31;32;34m%[38;2;31;32;34m%[38;2;31;32;34m%[38;2;31;32;34m%[38;2;31;32;34m%[38;2;32;33;36m%[38;2;32;33;36m%[38;2;33;34;37m%[38;2;34;35;38m%[38;2;35;36;39m%[38;2;34;35;38m%[38;2;26;27;30m@[38;2;30;31;34m%[38;2;30;31;35m%[38;2;11;12;15m@[38;2;15;16;18m@[38;2;17;18;20m@[38;2;16;17;19m@[38;2;16;17;19m@[38;2;18;19;21m@[38;2;19;20;23m@[38;2;25;26;29m@[38;2;28;29;32m%[38;2;28;29;32m%[38;2;30;31;34m%[38;2;33;34;37m%[38;2;35;36;39m%[38;2;58;61;69m#[38;2;97;109;125m*[38;2;118;132;150m+[38;2;136;151;170m=[38;2;113;127;145m+[38;2;118;132;152m+[38;2;147;161;180m=[38;2;139;154;173m=[38;2;123;138;158m+[38;2;127;142;164m+[38;2;117;132;155m+[38;2;108;124;143m+[38;2;106;120;139m+[38;2;85;97;112m*[38;2;83;97;113m*[38;2;113;129;149m+[38;2;126;142;161m+[0m
[38;2;105;118;137m+[38;2;118;131;150m+[38;2;123;136;155m+[38;2;93;106;124m*[38;2;109;121;141m+[38;2;84;94;112m*[38;2;107;119;138m+[38;2;103;114;130m*[38;2;101;111;126m*[38;2;89;98;113m*[38;2;78;87;101m*[38;2;86;95;110m*[38;2;103;114;130m*[38;2;138;148;165m=[38;2;118;128;144m+[38;2;113;122;139m+[38;2;129;138;155m+[38;2;123;131;146m+[38;2;141;150;168m=[38;2;128;138;154m+[38;2;90;99;116m*[38;2;81;91;109m*[38;2;78;84;99m#[38;2;29;30;37m%[38;2;24;27;33m@[38;2;24;27;33m@[38;2;28;29;37m%[38;2;28;28;37m%[38;2;20;21;26m@[38;2;17;18;22m@[38;2;15;16;20m@[38;2;14;16;20m@[38;2;9;10;14m@[38;2;9;10;14m@[38;2;24;25;29m@[38;2;28;29;34m%[38;2;26;27;32m@[38;2;30;31;35m%[38;2;32;33;37m%[38;2;32;33;38m%[38;2;33;34;39m%[38;2;33;34;39m%[38;2;34;35;39m%[38;2;34;35;40m%[38;2;35;36;40m%[38;2;35;36;41m%[38;2;35;36;41m%[38;2;33;34;39m%[38;2;29;30;34m%[38;2;26;27;29m@[38;2;25;26;28m@[38;2;25;26;28m@[38;2;26;27;29m@[38;2;28;29;31m%[38;2;30;31;33m%[38;2;30;31;35m%[38;2;31;32;35m%[38;2;31;32;34m%[38;2;30;31;33m%[38;2;28;29;31m%[38;2;28;29;31m%[38;2;30;31;33m%[38;2;32;33;35m%[38;2;33;34;36m%[38;2;34;35;38m%[38;2;35;36;40m%[38;2;36;37;41m%[38;2;26;27;30m@[38;2;28;29;33m%[38;2;26;27;31m@[38;2;7;8;11m@[38;2;10;11;14m@[38;2;14;15;17m@[38;2;19;20;22m@[38;2;18;19;21m@[38;2;18;19;21m@[38;2;20;21;23m@[38;2;25;26;28m@[38;2;28;29;32m%[38;2;23;24;27m@[38;2;20;22;23m@[38;2;20;21;23m@[38;2;26;28;29m@[38;2;110;118;133m+[38;2;113;127;145m+[38;2;104;119;137m+[38;2;135;150;170m=[38;2;132;147;166m=[38;2;133;148;167m=[38;2;120;135;154m+[38;2;121;136;156m+[38;2;132;147;168m=[38;2;134;149;171m=[38;2;129;145;167m=[38;2;105;120;141m+[38;2;115;128;151m+[38;2;93;107;126m*[38;2;88;103;122m*[38;2;119;135;155m+[38;2;113;129;151m+[0m
[38;2;122;134;156m+[38;2;131;143;165m=[38;2;115;128;148m+[38;2;91;104;123m*[38;2;123;136;157m+[38;2;79;91;107m*[38;2;54;62;73m#[38;2;76;85;98m#[38;2;71;82;98m#[38;2;52;61;73m#[38;2;85;93;108m*[38;2;78;86;102m*[38;2;101;111;127m*[38;2;112;121;139m+[38;2;121;131;148m+[38;2;111;122;139m+[38;2;120;128;146m+[38;2;119;130;149m+[38;2;127;139;160m+[38;2;121;134;154m+[38;2;111;124;143m+[38;2;136;149;171m=[38;2;146;157;178m=[38;2;35;37;47m%[38;2;24;25;32m@[38;2;29;30;39m%[38;2;25;28;34m@[38;2;20;22;27m@[38;2;18;19;24m@[38;2;17;18;23m@[38;2;13;14;19m@[38;2;9;10;14m@[38;2;6;7;11m@[38;2;10;11;15m@[38;2;6;7;12m@[38;2;20;21;26m@[38;2;21;22;26m@[38;2;23;24;29m@[38;2;25;26;30m@[38;2;26;27;31m@[38;2;27;28;33m@[38;2;29;30;35m%[38;2;31;32;37m%[38;2;33;34;39m%[38;2;34;35;40m%[38;2;34;35;40m%[38;2;35;36;41m%[38;2;35;36;40m%[38;2;34;35;39m%[38;2;29;30;34m%[38;2;24;25;28m@[38;2;22;23;26m@[38;2;23;24;26m@[38;2;26;27;29m@[38;2;29;30;32m%[38;2;30;31;33m%[38;2;31;32;36m%[38;2;31;32;36m%[38;2;28;29;32m%[38;2;25;26;28m@[38;2;26;27;29m@[38;2;30;31;33m%[38;2;31;32;34m%[38;2;32;33;35m%[38;2;33;34;36m%[38;2;36;37;39m%[38;2;32;33;36m%[38;2;30;31;34m%[38;2;31;32;35m%[38;2;27;28;32m@[38;2;11;12;14m@[38;2;8;9;11m@[38;2;13;14;16m@[38;2;21;22;25m@[38;2;18;19;22m@[38;2;15;16;18m@[38;2;14;15;18m@[38;2;16;17;20m@[38;2;19;20;24m@[38;2;29;30;34m%[38;2;34;36;41m%[38;2;40;43;48m%[38;2;98;106;118m*[38;2;138;151;168m=[38;2;113;127;145m+[38;2;120;134;153m+[38;2;128;143;163m+[38;2;134;150;171m=[38;2;119;135;156m+[38;2;124;140;161m+[38;2;127;142;163m+[38;2;127;141;161m+[38;2;134;147;166m=[38;2;139;153;172m=[38;2;97;111;128m*[38;2;87;101;117m*[38;2;91;104;121m*[38;2;62;74;88m#[38;2;76;91;108m*[38;2;131;147;170m=[0m
[38;2;129;142;165m+[38;2;129;143;164m+[38;2;109;121;139m+[38;2;115;128;147m+[38;2;121;134;154m+[38;2;72;83;99m#[38;2;38;44;53m%[38;2;22;25;31m@[38;2;43;51;61m%[38;2;36;43;53m%[38;2;67;77;90m#[38;2;91;101;118m*[38;2;122;135;155m+[38;2;96;107;124m*[38;2;124;137;156m+[38;2;90;104;123m*[38;2;118;133;156m+[38;2;132;147;170m=[38;2;117;132;154m+[38;2;111;125;144m+[38;2;94;105;123m*[38;2;113;128;147m+[38;2;137;150;172m=[38;2;70;77;90m#[38;2;27;28;35m%[38;2;24;25;33m@[38;2;21;22;27m@[38;2;21;22;27m@[38;2;20;21;25m@[38;2;19;20;24m@[38;2;18;19;23m@[38;2;14;15;19m@[38;2;10;11;15m@[38;2;9;10;15m@[38;2;5;6;11m@[38;2;12;13;18m@[38;2;10;11;16m@[38;2;10;11;15m@[38;2;13;14;18m@[38;2;14;15;19m@[38;2;14;15;19m@[38;2;15;16;20m@[38;2;17;18;22m@[38;2;20;21;25m@[38;2;25;26;29m@[38;2;29;30;33m%[38;2;31;32;35m%[38;2;34;35;39m%[38;2;35;36;41m%[38;2;35;36;41m%[38;2;32;33;37m%[38;2;27;28;31m@[38;2;23;24;26m@[38;2;23;24;27m@[38;2;27;28;32m@[38;2;31;32;36m%[38;2;32;33;37m%[38;2;30;31;35m%[38;2;26;27;30m@[38;2;22;23;25m@[38;2;29;29;34m%[38;2;30;31;34m%[38;2;31;32;34m%[38;2;33;34;37m%[38;2;35;36;40m%[38;2;33;34;38m%[38;2;30;31;35m%[38;2;33;34;38m%[38;2;33;34;39m%[38;2;29;30;34m%[38;2;12;13;15m@[38;2;17;18;21m@[38;2;20;21;25m@[38;2;22;23;27m@[38;2;24;25;29m@[38;2;26;27;31m@[38;2;24;25;29m@[38;2;21;22;26m@[38;2;21;22;26m@[38;2;14;15;19m@[38;2;38;42;47m%[38;2;94;101;116m*[38;2;114;126;144m+[38;2;105;118;137m+[38;2;112;126;145m+[38;2;130;145;164m=[38;2;138;153;176m=[38;2;150;165;188m=[38;2;131;146;167m=[38;2;147;162;181m=[38;2;129;143;162m+[38;2;122;135;152m+[38;2;118;131;148m+[38;2;81;94;109m*[38;2;90;103;120m*[38;2;115;127;145m+[38;2;79;92;105m*[38;2;70;83;97m#[38;2;79;93;109m*[38;2;105;120;140m+[0m
[38;2;101;112;130m*[38;2;111;124;142m+[38;2;115;127;145m+[38;2;110;122;140m+[38;2;104;116;134m+[38;2;88;98;115m*[38;2;54;62;73m#[38;2;83;94;109m*[38;2;88;98;112m*[38;2;71;79;92m#[38;2;98;109;129m*[38;2;122;134;157m+[38;2;126;139;161m+[38;2;132;144;165m=[38;2;143;155;176m=[38;2;138;151;173m=[38;2;131;146;169m=[38;2;123;138;160m+[38;2;117;132;155m+[38;2;80;94;113m*[38;2;76;88;106m*[38;2;74;84;101m#[38;2;130;141;161m+[38;2;86;92;110m*[38;2;55;58;69m#[38;2;21;23;31m@[38;2;17;18;23m@[38;2;20;21;26m@[38;2;27;28;33m@[38;2;25;26;31m@[38;2;24;25;30m@[38;2;21;22;27m@[38;2;17;18;22m@[38;2;11;12;16m@[38;2;16;17;21m@[38;2;24;25;30m@[38;2;20;21;26m@[38;2;15;16;20m@[38;2;14;15;19m@[38;2;20;21;25m@[38;2;23;24;28m@[38;2;22;23;27m@[38;2;20;21;24m@[38;2;16;17;20m@[38;2;15;16;19m@[38;2;16;17;20m@[38;2;18;19;21m@[38;2;21;22;24m@[38;2;24;25;28m@[38;2;26;27;30m@[38;2;29;30;34m%[38;2;32;33;37m%[38;2;32;33;36m%[38;2;27;28;32m@[38;2;23;24;27m@[38;2;30;31;34m%[38;2;31;32;35m%[38;2;27;28;31m@[38;2;21;22;24m@[38;2;26;27;29m@[38;2;31;32;35m%[38;2;30;31;34m%[38;2;31;32;36m%[38;2;34;35;39m%[38;2;34;34;38m%[38;2;30;31;35m%[38;2;33;34;38m%[38;2;34;35;39m%[38;2;31;32;36m%[38;2;21;22;26m@[38;2;16;19;22m@[38;2;25;26;31m@[38;2;28;29;34m%[38;2;28;29;34m%[38;2;28;29;33m%[38;2;27;28;32m@[38;2;25;26;30m@[38;2;26;27;30m@[38;2;36;37;45m%[38;2;73;78;91m#[38;2;101;110;127m*[38;2;106;119;139m+[38;2;97;110;127m*[38;2;104;117;135m+[38;2;111;125;144m+[38;2;130;145;164m=[38;2;147;162;182m=[38;2;145;160;180m=[38;2;136;150;169m=[38;2;128;143;162m+[38;2;127;142;162m+[38;2;117;131;151m+[38;2;104;117;134m+[38;2;83;97;109m*[38;2;86;99;115m*[38;2;103;116;132m*[38;2;94;107;125m*[38;2;113;126;143m+[38;2;126;139;158m+[38;2;145;160;179m=[0m
[38;2;97;111;133m*[38;2;122;135;160m+[38;2;90;103;123m*[38;2;86;97;115m*[38;2;64;75;87m#[38;2;90;102;119m*[38;2;85;96;111m*[38;2;58;69;83m#[38;2;38;47;56m%[38;2;49;57;69m%[38;2;82;92;109m*[38;2;81;91;106m*[38;2;115;128;147m+[38;2;135;149;168m=[38;2;148;162;182m=[38;2;138;152;174m=[38;2;130;144;166m=[38;2;96;111;131m*[38;2;117;132;157m+[38;2;126;142;167m+[38;2;91;103;121m*[38;2;74;86;102m#[38;2;147;160;181m=[38;2;84;91;107m*[38;2;52;55;68m%[38;2;16;17;22m@[38;2;23;24;29m@[38;2;28;29;34m%[38;2;29;29;35m%[38;2;29;29;37m%[38;2;29;29;37m%[38;2;28;28;38m%[38;2;25;26;32m@[38;2;21;22;26m@[38;2;9;10;14m@[38;2;9;10;14m@[38;2;17;18;23m@[38;2;22;23;28m@[38;2;22;23;27m@[38;2;17;18;21m@[38;2;16;17;19m@[38;2;18;19;21m@[38;2;26;27;29m@[38;2;26;27;30m@[38;2;24;25;29m@[38;2;23;24;28m@[38;2;23;24;28m@[38;2;23;24;27m@[38;2;24;25;28m@[38;2;25;26;29m@[38;2;27;28;31m@[38;2;29;30;34m%[38;2;29;30;34m%[38;2;27;28;32m@[38;2;28;29;33m%[38;2;28;28;33m%[38;2;30;30;35m%[38;2;24;24;28m@[38;2;24;25;28m@[38;2;26;27;30m@[38;2;29;29;32m%[38;2;30;30;34m%[38;2;31;32;36m%[38;2;32;33;37m%[38;2;30;30;35m%[38;2;28;28;31m@[38;2;27;27;31m@[38;2;20;21;25m@[38;2;8;9;12m@[38;2;18;20;22m@[38;2;24;26;30m@[38;2;28;30;35m%[38;2;30;33;38m%[38;2;31;33;39m%[38;2;33;35;41m%[38;2;33;35;42m%[38;2;39;41;48m%[38;2;94;101;112m*[38;2;99;109;124m*[38;2;134;148;168m=[38;2;132;147;170m=[38;2;142;157;180m=[38;2;142;156;177m=[38;2;81;94;111m*[38;2;98;110;126m*[38;2;105;119;138m+[38;2;124;139;160m+[38;2;123;138;159m+[38;2;141;156;177m=[38;2;166;181;202m-[38;2;169;184;205m-[38;2;132;146;166m=[38;2;104;117;133m+[38;2;98;111;128m*[38;2;79;92;106m*[38;2;90;103;120m*[38;2;90;102;119m*[38;2;132;147;166m=[38;2;108;122;140m+[38;2;122;136;156m+[0m
[0m